\e[49m                                                                                                         \e[m
\e[49m                                                                                                         \e[m
\e[49m                                                                                                         \e[m
\e[49m                                                                                                         \e[m
\e[49m                                \e[38;2;255;255;255;49m▄▄▄▄▄▄▄▄▄▄▄▄▄▄▄▄▄▄\e[38;2;229;225;222;49m▄\e[38;2;255;255;255;49m▄\e[38;2;253;253;253;49m▄\e[38;2;255;255;255;49m▄▄▄▄▄▄▄▄▄▄▄▄▄▄▄▄▄▄▄▄▄▄▄▄▄▄\e[49m                          \e[m
\e[49m                                \e[48;2;255;255;255m               \e[38;2;154;131;120;48;2;251;251;250m▄\e[38;2;162;142;133;48;2;252;252;251m▄\e[38;2;160;139;129;48;2;251;251;250m▄\e[38;2;167;145;143;48;2;161;139;130m▄\e[38;2;161;139;131;48;2;252;252;252m▄\e[48;2;161;139;130m \e[38;2;161;141;131;48;2;161;139;130m▄\e[38;2;161;141;131;48;2;252;251;251m▄\e[38;2;161;141;131;48;2;155;133;123m▄\e[38;2;159;138;128;48;2;141;119;101m▄\e[38;2;158;137;127;48;2;255;255;255m▄\e[38;2;159;138;129;48;2;253;253;254m▄\e[38;2;159;138;128;48;2;255;255;255m▄\e[48;2;255;255;255m                   \e[49m                          \e[m
\e[49m                                \e[48;2;255;255;255m             \e[38;2;161;141;131;48;2;161;141;132m▄\e[48;2;161;141;131m  \e[38;2;161;140;130;48;2;161;139;130m▄\e[48;2;161;141;131m \e[38;2;170;147;151;48;2;164;142;138m▄\e[48;2;161;141;131m  \e[38;2;179;154;170;48;2;161;141;131m▄\e[38;2;161;141;131;48;2;161;140;130m▄\e[38;2;161;141;131;48;2;161;139;130m▄\e[48;2;161;141;131m \e[38;2;180;154;171;48;2;161;141;131m▄\e[38;2;160;139;128;48;2;161;139;130m▄\e[38;2;157;136;126;48;2;253;252;252m▄\e[38;2;161;141;131;48;2;249;247;247m▄\e[38;2;161;141;131;48;2;209;201;193m▄\e[48;2;255;255;255m                 \e[49m                          \e[m
\e[49m                                \e[48;2;255;255;255m         \e[38;2;170;151;143;48;2;255;255;255m▄\e[48;2;255;255;255m \e[38;2;173;154;146;48;2;164;144;135m▄\e[38;2;161;141;131;48;2;236;232;231m▄\e[38;2;161;141;131;48;2;160;140;130m▄\e[38;2;160;140;129;48;2;164;142;138m▄\e[38;2;163;140;137;48;2;170;147;150m▄\e[38;2;160;140;129;48;2;164;142;137m▄\e[38;2;161;141;131;48;2;167;145;143m▄\e[38;2;160;149;130;48;2;161;141;131m▄\e[38;2;161;152;131;48;2;161;143;131m▄\e[38;2;161;152;131;48;2;170;153;145m▄\e[48;2;161;152;131m      \e[38;2;161;152;131;48;2;161;143;131m▄▄\e[38;2;161;148;131;48;2;161;140;130m▄\e[38;2;161;141;131;48;2;159;138;129m▄\e[38;2;199;189;182;48;2;254;254;254m▄\e[48;2;255;255;255m               \e[49m                          \e[m
\e[49m                                \e[48;2;255;255;255m         \e[48;2;174;156;148m \e[48;2;161;141;131m  \e[38;2;161;141;131;48;2;161;139;133m▄\e[48;2;161;141;131m \e[38;2;161;141;131;48;2;160;139;129m▄\e[38;2;161;139;130;48;2;160;139;129m▄\e[38;2;161;152;131;48;2;161;141;130m▄\e[48;2;161;152;131m      \e[38;2;162;152;132;48;2;161;152;131m▄▄\e[38;2;143;135;116;48;2;161;152;131m▄\e[38;2;162;152;132;48;2;161;152;131m▄\e[38;2;145;137;118;48;2;161;152;131m▄\e[38;2;162;152;132;48;2;161;152;131m▄\e[48;2;161;152;131m \e[38;2;161;152;131;48;2;161;147;131m▄\e[38;2;161;145;131;48;2;161;141;131m▄\e[38;2;161;141;131;48;2;190;177;169m▄\e[38;2;234;230;228;48;2;255;255;255m▄\e[48;2;255;255;255m             \e[49m                          \e[m
\e[49m                                \e[48;2;255;255;255m       \e[38;2;232;229;226;48;2;255;255;255m▄\e[38;2;159;138;128;48;2;255;255;255m▄\e[38;2;161;141;131;48;2;174;156;148m▄\e[48;2;161;141;131m \e[38;2;161;139;130;48;2;179;154;170m▄\e[38;2;161;139;130;48;2;174;150;158m▄\e[38;2;161;139;130;48;2;161;141;131m▄\e[38;2;161;152;131;48;2;161;140;130m▄\e[48;2;161;152;131m      \e[38;2;145;137;118;48;2;149;139;122m▄\e[38;2;145;137;118;48;2;149;140;121m▄\e[48;2;145;137;118m  \e[38;2;135;126;110;48;2;145;137;118m▄\e[38;2;135;126;110;48;2;136;128;112m▄\e[38;2;135;126;110;48;2;137;130;114m▄\e[38;2;135;129;112;48;2;135;126;110m▄\e[38;2;161;152;131;48;2;157;148;127m▄\e[48;2;161;152;131m  \e[38;2;161;152;131;48;2;161;148;131m▄\e[38;2;160;141;130;48;2;182;166;158m▄\e[48;2;255;255;255m             \e[49m                          \e[m
\e[49m                                \e[48;2;255;255;255m     \e[38;2;114;106;88;48;2;135;127;111m▄\e[38;2;114;106;88;48;2;135;126;110m▄▄\e[38;2;129;122;108;48;2;161;141;131m▄\e[48;2;161;141;131m \e[38;2;159;139;126;48;2;161;141;131m▄\e[38;2;161;139;132;48;2;161;141;131m▄\e[38;2;161;152;131;48;2;161;139;130m▄\e[48;2;161;152;131m         \e[38;2;161;152;131;48;2;100;92;77m▄\e[38;2;161;152;131;48;2;134;126;110m▄\e[38;2;161;152;131;48;2;133;126;110m▄\e[38;2;161;152;131;48;2;135;126;110m▄\e[38;2;161;152;131;48;2;164;155;133m▄\e[38;2;161;152;131;48;2;161;151;131m▄\e[48;2;161;152;131m      \e[38;2;156;146;124;48;2;232;229;224m▄\e[38;2;255;255;255;48;2;248;246;246m▄\e[48;2;255;255;255m     \e[38;2;255;255;255;48;2;134;126;110m▄\e[38;2;255;255;255;48;2;251;251;251m▄\e[38;2;255;255;255;48;2;249;248;246m▄\e[38;2;184;179;169;48;2;135;126;110m▄\e[38;2;112;104;87;48;2;133;126;110m▄\e[38;2;248;247;246;48;2;255;255;255m▄\e[49m                          \e[m
\e[49m                                \e[48;2;255;255;255m       \e[38;2;252;252;252;48;2;255;255;255m▄\e[38;2;157;148;126;48;2;157;147;126m▄\e[48;2;161;152;131m \e[38;2;161;152;131;48;2;159;137;126m▄\e[48;2;161;152;131m        \e[38;2;160;150;130;48;2;161;152;131m▄\e[38;2;163;153;133;48;2;161;152;131m▄\e[48;2;161;152;131m              \e[38;2;161;152;131;48;2;151;142;120m▄\e[38;2;161;152;131;48;2;150;141;119m▄\e[38;2;161;152;131;48;2;255;255;255m▄\e[38;2;250;249;249;48;2;255;255;255m▄\e[48;2;255;255;255m \e[38;2;241;239;236;48;2;255;255;255m▄\e[38;2;140;132;117;48;2;121;114;96m▄\e[48;2;255;255;255m  \e[38;2;255;255;255;48;2;196;192;184m▄\e[48;2;255;255;255m  \e[49m                          \e[m
\e[49m                                \e[48;2;255;255;255m      \e[38;2;254;254;254;48;2;255;255;255m▄\e[38;2;180;170;157;48;2;210;204;193m▄\e[48;2;161;152;131m          \e[38;2;164;154;134;48;2;161;152;131m▄\e[38;2;255;255;255;48;2;133;125;109m▄\e[38;2;135;126;110;48;2;132;124;109m▄\e[48;2;161;152;131m             \e[38;2;142;133;110;48;2;141;131;108m▄\e[48;2;161;152;131m    \e[38;2;161;152;131;48;2;153;144;122m▄\e[38;2;167;157;136;48;2;153;144;123m▄\e[48;2;255;255;255m      \e[49m                          \e[m
\e[49m                                \e[48;2;255;255;255m       \e[38;2;237;235;233;48;2;210;204;193m▄\e[38;2;144;136;117;48;2;163;153;133m▄\e[48;2;161;152;131m     \e[38;2;161;152;131;48;2;162;152;132m▄\e[38;2;153;144;122;48;2;143;134;111m▄\e[38;2;147;138;115;48;2;157;148;127m▄\e[38;2;144;136;117;48;2;161;152;131m▄\e[38;2;135;126;110;48;2;150;143;130m▄\e[38;2;135;126;110;48;2;255;255;255m▄\e[38;2;153;144;123;48;2;135;126;110m▄\e[48;2;161;152;131m             \e[48;2;142;133;110m \e[48;2;161;152;131m      \e[38;2;161;152;131;48;2;255;255;255m▄\e[48;2;255;255;255m     \e[49m                          \e[m
\e[49m                                \e[48;2;255;255;255m        \e[48;2;157;148;126m \e[38;2;161;152;131;48;2;160;150;130m▄\e[48;2;161;152;131m  \e[38;2;161;152;131;48;2;160;150;130m▄\e[48;2;161;152;131m     \e[38;2;161;152;131;48;2;140;132;114m▄\e[48;2;161;152;131m  \e[38;2;154;144;123;48;2;161;152;131m▄\e[38;2;239;227;201;48;2;245;234;206m▄\e[48;2;161;152;131m          \e[48;2;146;137;115m \e[48;2;161;152;131m       \e[38;2;134;127;111;48;2;161;152;131m▄\e[48;2;255;255;255m     \e[49m                          \e[m
\e[49m                                \e[38;2;229;218;191;48;2;255;255;255m▄\e[38;2;222;211;182;48;2;255;255;255m▄\e[48;2;255;255;255m     \e[38;2;210;204;193;48;2;225;220;214m▄\e[38;2;161;152;131;48;2;160;151;130m▄\e[48;2;161;152;131m           \e[38;2;238;226;200;48;2;154;145;124m▄\e[38;2;226;216;190;48;2;239;227;201m▄\e[38;2;158;150;129;48;2;239;227;201m▄\e[48;2;161;152;131m          \e[38;2;157;148;127;48;2;144;135;112m▄\e[48;2;161;152;131m  \e[38;2;161;151;131;48;2;161;152;131m▄\e[38;2;162;153;132;48;2;161;152;131m▄\e[48;2;161;152;131m \e[38;2;134;125;109;48;2;161;152;131m▄\e[38;2;135;126;110;48;2;164;155;134m▄\e[38;2;135;126;110;48;2;134;125;109m▄\e[48;2;255;255;255m     \e[49m                          \e[m
\e[49m                                \e[48;2;255;255;255m \e[38;2;255;255;255;48;2;227;217;191m▄\e[48;2;227;217;191m \e[38;2;227;217;191;48;2;255;255;255m▄▄\e[38;2;223;212;184;48;2;255;255;255m▄▄\e[38;2;192;183;158;48;2;210;204;193m▄\e[48;2;161;152;131m \e[38;2;162;152;132;48;2;162;153;132m▄\e[38;2;165;155;135;48;2;163;154;133m▄\e[38;2;162;152;132;48;2;163;154;133m▄\e[48;2;163;154;133m \e[48;2;161;152;131m    \e[38;2;160;151;130;48;2;161;152;131m▄\e[38;2;243;232;204;48;2;158;149;128m▄\e[48;2;239;227;201m \e[38;2;230;219;193;48;2;239;227;201m▄\e[38;2;233;222;196;48;2;227;217;191m▄\e[38;2;135;128;111;48;2;160;151;130m▄\e[38;2;162;153;132;48;2;161;152;131m▄\e[38;2;162;152;132;48;2;161;152;131m▄\e[48;2;161;152;131m       \e[38;2;161;152;131;48;2;140;131;108m▄\e[48;2;161;152;131m   \e[38;2;144;134;111;48;2;163;154;134m▄\e[38;2;134;126;110;48;2;165;156;135m▄\e[48;2;135;126;110m   \e[48;2;255;255;255m      \e[49m                          \e[m
\e[49m                                \e[48;2;255;255;255m  \e[38;2;255;255;255;48;2;226;215;188m▄\e[38;2;253;252;251;48;2;227;217;191m▄\e[48;2;227;217;191m  \e[38;2;172;163;142;48;2;227;217;191m▄\e[38;2;162;152;132;48;2;193;183;161m▄\e[38;2;161;152;131;48;2;144;134;111m▄▄▄▄▄\e[38;2;161;152;131;48;2;162;152;132m▄\e[48;2;161;152;131m  \e[48;2;179;170;149m \e[38;2;239;227;201;48;2;238;226;200m▄\e[38;2;235;225;198;48;2;239;227;201m▄\e[38;2;227;217;191;48;2;237;226;199m▄\e[38;2;130;122;108;48;2;224;213;185m▄\e[38;2;135;126;110;48;2;134;126;110m▄\e[48;2;135;126;110m \e[38;2;135;126;110;48;2;132;124;108m▄\e[38;2;135;126;110;48;2;160;150;130m▄▄▄▄▄▄▄▄▄▄\e[38;2;135;126;110;48;2;161;151;131m▄\e[48;2;135;126;110m     \e[48;2;152;147;133m \e[48;2;255;255;255m      \e[49m                          \e[m
\e[49m                                \e[48;2;255;255;255m     \e[38;2;248;244;240;48;2;243;238;232m▄\e[38;2;193;155;118;48;2;188;153;118m▄\e[38;2;104;93;82;48;2;187;152;118m▄\e[38;2;197;157;120;48;2;178;152;122m▄\e[38;2;193;155;118;48;2;174;153;124m▄▄▄\e[38;2;196;157;119;48;2;169;153;128m▄\e[38;2;195;155;119;48;2;161;152;131m▄\e[38;2;159;152;131;48;2;161;152;131m▄\e[38;2;162;152;132;48;2;161;152;131m▄\e[38;2;147;139;119;48;2;176;166;145m▄\e[38;2;100;89;79;48;2;227;217;191m▄\e[38;2;107;97;83;48;2;218;204;182m▄\e[38;2;104;92;82;48;2;134;126;110m▄\e[38;2;121;112;95;48;2;135;126;110m▄\e[38;2;130;122;105;48;2;135;126;110m▄▄\e[48;2;135;126;110m         \e[38;2;135;127;111;48;2;135;126;110m▄\e[38;2;105;95;83;48;2;135;126;110m▄\e[38;2;255;255;255;48;2;135;126;110m▄\e[38;2;255;255;255;48;2;191;188;179m▄\e[48;2;249;249;248m \e[48;2;135;126;110m   \e[38;2;255;255;255;48;2;202;195;188m▄\e[48;2;255;255;255m      \e[49m                          \e[m
\e[49m                                \e[48;2;255;255;255m      \e[38;2;255;255;255;48;2;222;203;184m▄\e[38;2;224;205;187;48;2;136;114;94m▄\e[38;2;94;84;74;48;2;105;94;82m▄\e[38;2;180;146;113;48;2;193;155;118m▄\e[38;2;204;162;123;48;2;193;155;118m▄\e[38;2;100;89;79;48;2;160;131;104m▄\e[38;2;94;84;74;48;2;104;92;82m▄\e[38;2;130;123;108;48;2;183;149;116m▄\e[38;2;122;114;98;48;2;165;142;115m▄\e[38;2;255;255;255;48;2;117;109;94m▄\e[48;2;104;92;82m   \e[38;2;255;255;255;48;2;104;92;82m▄\e[38;2;150;143;133;48;2;234;229;225m▄\e[38;2;163;157;145;48;2;255;255;255m▄\e[48;2;255;255;255m \e[38;2;255;255;255;48;2;198;193;185m▄\e[48;2;135;126;110m    \e[38;2;129;122;106;48;2;135;126;110m▄\e[38;2;255;255;255;48;2;159;153;140m▄\e[38;2;255;255;255;48;2;197;192;184m▄\e[38;2;104;92;82;48;2;118;110;93m▄\e[48;2;104;92;82m \e[48;2;222;220;217m \e[38;2;204;201;192;48;2;255;255;255m▄\e[48;2;255;255;255m \e[48;2;249;249;248m \e[48;2;135;126;110m   \e[48;2;255;255;255m \e[38;2;220;211;202;48;2;243;240;235m▄\e[38;2;222;213;204;48;2;244;241;238m▄\e[48;2;255;255;255m    \e[49m                          \e[m
\e[49m                                \e[48;2;255;255;255m        \e[38;2;255;255;255;48;2;251;250;249m▄\e[38;2;255;255;255;48;2;198;158;120m▄\e[38;2;255;255;255;48;2;193;155;118m▄▄\e[38;2;255;255;255;48;2;198;158;121m▄\e[38;2;255;255;255;48;2;253;253;253m▄\e[48;2;255;255;255m \e[38;2;91;79;69;48;2;94;84;73m▄\e[48;2;104;92;82m   \e[38;2;255;255;255;48;2;249;246;249m▄\e[38;2;255;255;255;48;2;252;252;252m▄\e[48;2;255;255;255m \e[38;2;126;118;101;48;2;130;123;107m▄\e[48;2;135;126;110m    \e[38;2;144;137;123;48;2;238;236;233m▄\e[38;2;255;255;255;48;2;140;132;116m▄\e[48;2;255;255;255m  \e[38;2;184;178;171;48;2;183;177;168m▄\e[48;2;104;92;82m \e[38;2;100;89;79;48;2;106;96;83m▄\e[38;2;140;130;120;48;2;143;135;122m▄\e[38;2;223;215;205;48;2;222;214;204m▄\e[38;2;145;137;122;48;2;156;149;136m▄\e[38;2;131;123;108;48;2;135;126;110m▄\e[38;2;155;148;136;48;2;135;126;110m▄\e[38;2;147;141;126;48;2;252;252;252m▄\e[38;2;223;215;205;48;2;182;176;167m▄\e[48;2;255;255;255m \e[38;2;255;255;255;48;2;254;254;254m▄\e[48;2;255;255;255m  \e[38;2;225;218;210;48;2;224;216;207m▄\e[38;2;252;252;251;48;2;247;246;245m▄\e[49m                          \e[m
\e[49m                                \e[48;2;255;255;255m                \e[38;2;255;255;255;48;2;104;92;82m▄▄\e[48;2;255;255;255m    \e[38;2;255;255;255;48;2;126;118;101m▄\e[38;2;255;255;255;48;2;135;126;110m▄\e[38;2;128;121;105;48;2;135;126;110m▄\e[38;2;136;128;112;48;2;135;126;110m▄\e[38;2;255;255;255;48;2;135;126;110m▄▄\e[48;2;255;255;255m  \e[38;2;251;250;249;48;2;255;255;255m▄\e[48;2;104;92;82m \e[38;2;100;89;78;48;2;104;92;82m▄\e[38;2;255;255;255;48;2;222;220;217m▄\e[38;2;255;255;255;48;2;233;226;218m▄\e[38;2;255;255;255;48;2;252;252;251m▄\e[38;2;135;126;110;48;2;249;249;248m▄\e[38;2;158;150;138;48;2;157;150;137m▄\e[38;2;155;148;135;48;2;232;225;216m▄\e[38;2;223;215;206;48;2;223;215;205m▄▄▄\e[38;2;237;233;228;48;2;223;215;205m▄\e[38;2;224;218;209;48;2;219;211;201m▄\e[48;2;255;255;255m   \e[49m                          \e[m
\e[49m                                \e[48;2;255;255;255m                              \e[38;2;104;94;81;48;2;98;87;77m▄\e[38;2;156;148;139;48;2;120;109;98m▄\e[38;2;253;253;253;48;2;151;139;128m▄\e[38;2;253;253;253;48;2;198;189;179m▄\e[38;2;253;253;253;48;2;218;208;198m▄\e[38;2;150;144;129;48;2;140;131;117m▄\e[38;2;158;152;138;48;2;135;126;110m▄\e[38;2;135;129;113;48;2;135;126;110m▄\e[48;2;255;255;255m         \e[49m                          \e[m
\e[49m                                \e[48;2;255;255;255m                                 \e[38;2;255;255;255;48;2;231;225;218m▄\e[48;2;255;255;255m             \e[49m                          \e[m
\e[49m                                                                                                         \e[m
\e[49m                                                                                                         \e[m
\e[49m                                                                                                         \e[m
\e[49m                                                                                                         \e[m
\e[49m                                                                                                         \e[m
\e[49m                                                                                                         \e[m
";