\e[48;5;15m                                                                                      \e[m
\e[48;5;15m                                                                                      \e[m
\e[48;5;15m                                                                                      \e[m
\e[48;5;15m                                                   \e[38;5;59;48;5;255m▄\e[38;5;0;48;5;255m▄\e[38;5;238;48;5;255m▄\e[38;5;239;48;5;255m▄\e[38;5;243;48;5;255m▄\e[38;5;249;48;5;15m▄▄\e[38;5;254;48;5;15m▄\e[48;5;15m                           \e[m
\e[48;5;15m                                  \e[48;5;0m   \e[48;5;255m \e[48;5;15m               \e[48;5;233m  \e[48;5;52m \e[48;5;88m  \e[48;5;124m \e[48;5;15m                           \e[m
\e[48;5;15m                               \e[38;5;236;48;5;15m▄\e[38;5;236;48;5;7m▄\e[38;5;124;48;5;0m▄\e[38;5;124;48;5;124m▄▄\e[38;5;232;48;5;88m▄\e[38;5;1;48;5;0m▄▄\e[38;5;124;48;5;0m▄\e[38;5;235;48;5;247m▄\e[38;5;236;48;5;15m▄\e[48;5;15m        \e[38;5;188;48;5;236m▄\e[38;5;253;48;5;95m▄\e[38;5;254;48;5;131m▄\e[38;5;237;48;5;216m▄\e[38;5;237;48;5;215m▄\e[38;5;58;48;5;214m▄\e[38;5;239;48;5;130m▄▄\e[38;5;95;48;5;58m▄\e[48;5;15m                           \e[m
\e[48;5;15m                             \e[38;5;242;48;5;15m▄\e[38;5;0;48;5;15m▄\e[38;5;124;48;5;0m▄\e[38;5;124;48;5;232m▄\e[38;5;52;48;5;124m▄\e[38;5;52;48;5;88m▄▄\e[38;5;124;48;5;0m▄\e[38;5;124;48;5;88m▄▄\e[38;5;88;48;5;124m▄\e[38;5;52;48;5;52m▄\e[48;5;0m \e[48;5;15m           \e[38;5;15;48;5;234m▄▄\e[38;5;15;48;5;235m▄\e[38;5;15;48;5;239m▄▄\e[38;5;15;48;5;101m▄\e[48;5;15m                           \e[m
\e[48;5;15m                            \e[38;5;0;48;5;245m▄\e[38;5;52;48;5;238m▄\e[38;5;88;48;5;52m▄\e[38;5;52;48;5;88m▄\e[38;5;1;48;5;88m▄\e[38;5;124;48;5;88m▄▄▄\e[48;5;124m   \e[38;5;124;48;5;124m▄\e[38;5;124;48;5;1m▄\e[38;5;124;48;5;52m▄\e[38;5;0;48;5;245m▄\e[38;5;237;48;5;248m▄\e[48;5;15m                                          \e[m
\e[48;5;15m                         \e[38;5;253;48;5;15m▄\e[38;5;233;48;5;233m▄\e[38;5;232;48;5;0m▄\e[38;5;124;48;5;124m▄▄▄\e[38;5;88;48;5;88m▄\e[38;5;1;48;5;88m▄\e[38;5;52;48;5;52m▄\e[38;5;235;48;5;233m▄▄\e[48;5;233m \e[48;5;52m  \e[38;5;124;48;5;88m▄\e[38;5;1;48;5;52m▄\e[38;5;52;48;5;52m▄\e[38;5;232;48;5;0m▄\e[38;5;237;48;5;237m▄\e[38;5;253;48;5;15m▄▄▄\e[48;5;15m                                       \e[m
\e[48;5;15m                         \e[48;5;0m \e[38;5;88;48;5;124m▄▄\e[48;5;88m \e[38;5;88;48;5;1m▄\e[38;5;88;48;5;52m▄▄▄\e[38;5;88;48;5;233m▄\e[38;5;233;48;5;214m▄▄\e[38;5;52;48;5;233m▄\e[38;5;88;48;5;52m▄▄\e[38;5;88;48;5;124m▄▄▄\e[38;5;233;48;5;124m▄\e[38;5;235;48;5;88m▄\e[38;5;101;48;5;0m▄▄▄\e[38;5;0;48;5;15m▄\e[48;5;15m                                      \e[m
\e[48;5;15m                         \e[38;5;15;48;5;0m▄\e[38;5;233;48;5;88m▄\e[38;5;0;48;5;88m▄▄\e[38;5;95;48;5;88m▄\e[38;5;216;48;5;88m▄▄\e[38;5;179;48;5;88m▄\e[38;5;131;48;5;88m▄\e[38;5;131;48;5;233m▄▄\e[38;5;131;48;5;52m▄\e[38;5;233;48;5;88m▄▄\e[48;5;88m \e[38;5;52;48;5;88m▄\e[38;5;233;48;5;88m▄\e[38;5;239;48;5;233m▄\e[38;5;239;48;5;235m▄\e[38;5;239;48;5;101m▄▄▄\e[38;5;101;48;5;0m▄\e[38;5;0;48;5;15m▄▄\e[48;5;15m                                    \e[m
\e[48;5;15m                          \e[38;5;15;48;5;254m▄\e[38;5;15;48;5;253m▄▄\e[38;5;242;48;5;242m▄\e[38;5;0;48;5;233m▄▄▄\e[38;5;0;48;5;232m▄▄▄▄\e[38;5;95;48;5;95m▄\e[38;5;131;48;5;95m▄\e[38;5;124;48;5;124m▄\e[38;5;52;48;5;52m▄\e[38;5;234;48;5;234m▄\e[48;5;239m     \e[38;5;239;48;5;239m▄\e[38;5;101;48;5;95m▄▄\e[38;5;0;48;5;234m▄\e[38;5;247;48;5;248m▄\e[48;5;15m                                  \e[m
\e[48;5;15m                             \e[38;5;249;48;5;242m▄\e[38;5;8;48;5;0m▄\e[38;5;235;48;5;239m▄\e[38;5;235;48;5;238m▄\e[48;5;235m \e[48;5;216m  \e[48;5;131m \e[48;5;179m \e[48;5;216m  \e[38;5;179;48;5;137m▄\e[38;5;173;48;5;131m▄\e[38;5;233;48;5;234m▄\e[38;5;234;48;5;235m▄\e[38;5;236;48;5;239m▄▄▄▄\e[38;5;239;48;5;101m▄▄\e[38;5;232;48;5;0m▄\e[38;5;240;48;5;247m▄\e[38;5;8;48;5;15m▄\e[48;5;15m        \e[38;5;8;48;5;15m▄\e[38;5;252;48;5;15m▄\e[48;5;15m                       \e[m
\e[48;5;15m                               \e[48;5;0m \e[38;5;232;48;5;232m▄\e[38;5;88;48;5;235m▄\e[38;5;233;48;5;216m▄▄\e[38;5;216;48;5;131m▄\e[38;5;131;48;5;179m▄\e[38;5;131;48;5;216m▄\e[48;5;216m \e[38;5;137;48;5;216m▄\e[38;5;131;48;5;216m▄\e[38;5;131;48;5;0m▄\e[38;5;238;48;5;232m▄\e[38;5;0;48;5;234m▄\e[38;5;88;48;5;234m▄▄▄▄▄\e[38;5;88;48;5;52m▄\e[38;5;52;48;5;232m▄\e[48;5;0m \e[48;5;15m      \e[38;5;0;48;5;15m▄▄\e[38;5;239;48;5;0m▄\e[38;5;234;48;5;247m▄\e[38;5;0;48;5;15m▄\e[48;5;15m                      \e[m
\e[48;5;15m                               \e[48;5;0m \e[38;5;232;48;5;232m▄\e[38;5;233;48;5;88m▄\e[38;5;52;48;5;233m▄▄\e[38;5;0;48;5;179m▄\e[38;5;236;48;5;131m▄▄\e[38;5;236;48;5;179m▄\e[38;5;236;48;5;137m▄\e[38;5;236;48;5;131m▄\e[38;5;216;48;5;131m▄\e[38;5;173;48;5;95m▄\e[38;5;52;48;5;0m▄\e[38;5;0;48;5;88m▄▄\e[48;5;88m   \e[38;5;52;48;5;88m▄\e[38;5;52;48;5;52m▄\e[38;5;52;48;5;0m▄\e[38;5;0;48;5;253m▄\e[38;5;237;48;5;254m▄\e[48;5;15m    \e[48;5;0m  \e[48;5;239m \e[48;5;234m \e[48;5;0m \e[48;5;15m                      \e[m
\e[48;5;15m                               \e[48;5;0m \e[48;5;233m \e[48;5;239m \e[48;5;52m  \e[48;5;0m   \e[48;5;131m \e[48;5;173m \e[48;5;216m \e[48;5;131m  \e[48;5;88m \e[48;5;52m  \e[48;5;0m \e[48;5;52m  \e[48;5;88m   \e[48;5;0m \e[48;5;237m \e[48;5;15m \e[48;5;0m   \e[48;5;239m  \e[48;5;235m \e[48;5;233m \e[48;5;0m \e[48;5;15m                      \e[m
\e[48;5;15m      \e[38;5;234;48;5;15m▄\e[38;5;241;48;5;242m▄\e[38;5;247;48;5;0m▄\e[38;5;234;48;5;15m▄\e[38;5;238;48;5;15m▄\e[48;5;15m                  \e[48;5;242m \e[48;5;0m \e[48;5;239m \e[48;5;238m \e[48;5;235m   \e[48;5;0m   \e[38;5;124;48;5;236m▄\e[38;5;130;48;5;236m▄\e[38;5;131;48;5;236m▄\e[38;5;233;48;5;216m▄\e[38;5;233;48;5;137m▄\e[38;5;234;48;5;0m▄\e[38;5;238;48;5;0m▄▄\e[48;5;0m \e[38;5;95;48;5;0m▄▄\e[38;5;238;48;5;52m▄\e[38;5;238;48;5;234m▄\e[38;5;238;48;5;235m▄\e[48;5;235m \e[48;5;234m \e[48;5;0m \e[38;5;236;48;5;239m▄▄▄\e[48;5;235m   \e[48;5;233m \e[48;5;0m \e[48;5;15m                      \e[m
\e[48;5;15m      \e[48;5;0m \e[48;5;241m \e[48;5;249m \e[48;5;0m \e[48;5;236m \e[48;5;15m                  \e[48;5;242m \e[48;5;0m \e[38;5;235;48;5;239m▄\e[38;5;235;48;5;238m▄\e[48;5;235m \e[38;5;0;48;5;235m▄▄\e[48;5;0m \e[38;5;124;48;5;0m▄▄\e[38;5;88;48;5;124m▄\e[38;5;88;48;5;131m▄\e[38;5;236;48;5;131m▄\e[48;5;0m \e[38;5;0;48;5;232m▄\e[38;5;0;48;5;234m▄\e[38;5;0;48;5;239m▄▄\e[38;5;101;48;5;0m▄\e[38;5;239;48;5;101m▄▄\e[48;5;239m \e[38;5;237;48;5;239m▄\e[38;5;235;48;5;239m▄\e[48;5;235m \e[48;5;234m \e[48;5;0m \e[48;5;235m     \e[38;5;0;48;5;235m▄\e[38;5;247;48;5;233m▄\e[38;5;15;48;5;0m▄\e[48;5;15m                      \e[m
\e[48;5;15m      \e[48;5;0m \e[48;5;241m \e[48;5;249m \e[38;5;238;48;5;235m▄\e[38;5;236;48;5;236m▄\e[38;5;0;48;5;242m▄\e[48;5;15m                 \e[48;5;242m \e[48;5;0m \e[48;5;235m \e[38;5;234;48;5;235m▄\e[38;5;0;48;5;233m▄\e[38;5;124;48;5;52m▄▄▄\e[38;5;124;48;5;124m▄\e[38;5;88;48;5;124m▄\e[48;5;88m \e[38;5;88;48;5;88m▄▄\e[48;5;0m \e[38;5;233;48;5;232m▄\e[38;5;239;48;5;235m▄▄▄\e[38;5;239;48;5;95m▄\e[38;5;235;48;5;237m▄▄▄\e[38;5;233;48;5;234m▄\e[38;5;0;48;5;233m▄▄\e[38;5;232;48;5;233m▄\e[38;5;235;48;5;233m▄\e[48;5;235m   \e[38;5;0;48;5;233m▄▄\e[38;5;15;48;5;245m▄\e[38;5;15;48;5;188m▄\e[48;5;15m                       \e[m
\e[48;5;15m      \e[48;5;0m \e[48;5;241m \e[48;5;249m \e[38;5;8;48;5;243m▄\e[38;5;243;48;5;242m▄\e[38;5;239;48;5;238m▄\e[38;5;232;48;5;0m▄▄▄\e[38;5;7;48;5;255m▄\e[38;5;252;48;5;15m▄▄▄▄▄▄▄▄▄▄▄▄\e[38;5;234;48;5;0m▄\e[38;5;233;48;5;0m▄\e[48;5;0m \e[38;5;232;48;5;0m▄\e[38;5;52;48;5;232m▄\e[48;5;124m \e[38;5;124;48;5;124m▄▄\e[38;5;88;48;5;88m▄▄▄\e[38;5;1;48;5;88m▄\e[38;5;52;48;5;52m▄▄\e[48;5;0m \e[38;5;234;48;5;234m▄\e[38;5;95;48;5;101m▄\e[48;5;101m  \e[38;5;95;48;5;101m▄\e[38;5;233;48;5;0m▄▄\e[48;5;0m \e[48;5;232m \e[48;5;233m \e[48;5;0m \e[38;5;0;48;5;0m▄▄\e[38;5;232;48;5;0m▄▄▄\e[38;5;252;48;5;15m▄▄\e[48;5;15m                         \e[m
\e[48;5;15m      \e[38;5;15;48;5;0m▄\e[38;5;242;48;5;241m▄\e[38;5;0;48;5;249m▄\e[48;5;249m \e[38;5;249;48;5;248m▄\e[38;5;249;48;5;243m▄\e[38;5;249;48;5;238m▄▄\e[38;5;243;48;5;238m▄\e[38;5;238;48;5;0m▄▄▄▄▄▄▄▄▄▄▄▄▄\e[48;5;214m \e[48;5;58m \e[48;5;0m \e[48;5;124m   \e[48;5;88m  \e[48;5;52m \e[38;5;0;48;5;52m▄▄\e[38;5;214;48;5;0m▄\e[38;5;58;48;5;0m▄\e[48;5;0m  \e[48;5;232m \e[48;5;88m \e[38;5;88;48;5;101m▄▄\e[48;5;88m \e[38;5;249;48;5;243m▄▄\e[48;5;0m \e[48;5;232m \e[48;5;233m \e[48;5;0m \e[48;5;232m \e[48;5;52m \e[38;5;52;48;5;88m▄▄▄\e[38;5;88;48;5;0m▄▄\e[38;5;0;48;5;15m▄▄▄\e[48;5;15m                      \e[m
\e[48;5;15m       \e[38;5;15;48;5;242m▄\e[38;5;15;48;5;0m▄\e[38;5;0;48;5;249m▄\e[38;5;235;48;5;249m▄\e[48;5;249m   \e[38;5;249;48;5;243m▄\e[38;5;249;48;5;238m▄▄\e[38;5;243;48;5;238m▄▄▄▄▄▄▄▄▄▄▄\e[48;5;214m \e[38;5;94;48;5;58m▄\e[38;5;52;48;5;0m▄\e[38;5;0;48;5;124m▄\e[38;5;232;48;5;124m▄\e[38;5;88;48;5;124m▄\e[38;5;52;48;5;88m▄▄\e[48;5;52m \e[48;5;0m  \e[38;5;0;48;5;214m▄\e[38;5;247;48;5;58m▄\e[38;5;15;48;5;0m▄▄\e[38;5;7;48;5;232m▄\e[38;5;0;48;5;88m▄▄▄▄\e[38;5;0;48;5;249m▄▄\e[38;5;233;48;5;0m▄\e[38;5;233;48;5;232m▄\e[48;5;233m \e[48;5;0m \e[38;5;232;48;5;232m▄\e[38;5;236;48;5;52m▄▄▄\e[48;5;52m \e[38;5;52;48;5;88m▄▄\e[38;5;88;48;5;0m▄▄▄\e[38;5;0;48;5;15m▄\e[38;5;237;48;5;15m▄\e[48;5;15m                    \e[m
\e[48;5;15m         \e[38;5;15;48;5;255m▄\e[38;5;252;48;5;251m▄\e[38;5;0;48;5;232m▄▄▄\e[48;5;249m   \e[38;5;249;48;5;249m▄▄▄▄▄▄\e[38;5;0;48;5;232m▄▄▄▄▄\e[48;5;214m \e[38;5;58;48;5;58m▄\e[38;5;0;48;5;0m▄\e[48;5;0m \e[38;5;0;48;5;0m▄▄\e[38;5;88;48;5;88m▄▄▄\e[38;5;233;48;5;233m▄▄\e[48;5;0m \e[48;5;247m \e[48;5;15m  \e[38;5;15;48;5;15m▄\e[38;5;15;48;5;255m▄▄▄\e[48;5;0m \e[38;5;233;48;5;233m▄▄\e[48;5;233m   \e[48;5;0m \e[38;5;0;48;5;0m▄▄▄▄\e[38;5;236;48;5;236m▄▄▄\e[38;5;236;48;5;1m▄\e[38;5;52;48;5;52m▄▄\e[38;5;88;48;5;88m▄\e[38;5;1;48;5;1m▄\e[38;5;0;48;5;233m▄\e[48;5;15m                   \e[m
\e[48;5;15m              \e[38;5;247;48;5;0m▄▄▄▄▄▄▄▄▄\e[48;5;15m     \e[38;5;247;48;5;0m▄\e[38;5;188;48;5;245m▄\e[48;5;15m    \e[38;5;247;48;5;0m▄▄\e[38;5;52;48;5;88m▄\e[38;5;1;48;5;52m▄▄\e[38;5;52;48;5;233m▄\e[38;5;232;48;5;232m▄\e[38;5;232;48;5;0m▄\e[38;5;59;48;5;15m▄\e[38;5;102;48;5;15m▄\e[48;5;15m    \e[48;5;0m  \e[48;5;233m   \e[48;5;0m \e[48;5;237m \e[48;5;15m   \e[38;5;247;48;5;0m▄▄▄▄\e[38;5;238;48;5;234m▄\e[38;5;233;48;5;236m▄\e[38;5;1;48;5;52m▄▄\e[38;5;52;48;5;88m▄\e[48;5;0m  \e[48;5;15m                 \e[m
\e[48;5;15m                               \e[38;5;0;48;5;15m▄▄▄▄▄\e[38;5;15;48;5;0m▄\e[38;5;233;48;5;88m▄\e[38;5;0;48;5;88m▄\e[48;5;52m \e[48;5;233m  \e[48;5;0m \e[48;5;237m \e[48;5;15m    \e[48;5;0m  \e[48;5;233m   \e[48;5;0m \e[48;5;237m \e[48;5;15m      \e[38;5;0;48;5;15m▄\e[38;5;52;48;5;59m▄\e[38;5;88;48;5;0m▄\e[38;5;52;48;5;88m▄▄\e[38;5;0;48;5;52m▄\e[38;5;15;48;5;0m▄▄\e[48;5;15m                 \e[m
\e[48;5;15m                             \e[38;5;242;48;5;253m▄\e[38;5;0;48;5;7m▄\e[38;5;254;48;5;237m▄▄▄\e[38;5;249;48;5;236m▄▄\e[38;5;0;48;5;7m▄\e[38;5;0;48;5;232m▄\e[48;5;0m \e[48;5;52m \e[48;5;233m  \e[48;5;0m \e[48;5;237m \e[48;5;15m   \e[38;5;0;48;5;7m▄\e[38;5;254;48;5;237m▄▄\e[38;5;249;48;5;237m▄\e[38;5;131;48;5;235m▄\e[38;5;124;48;5;52m▄\e[38;5;233;48;5;232m▄\e[38;5;232;48;5;236m▄\e[38;5;0;48;5;7m▄\e[48;5;15m     \e[48;5;0m \e[38;5;0;48;5;52m▄\e[38;5;0;48;5;1m▄\e[38;5;0;48;5;52m▄\e[38;5;237;48;5;234m▄\e[38;5;15;48;5;237m▄\e[48;5;15m                   \e[m
\e[48;5;15m                             \e[48;5;242m \e[48;5;0m \e[48;5;249m \e[48;5;102m \e[48;5;0m \e[48;5;249m   \e[48;5;124m  \e[48;5;254m \e[48;5;251m \e[48;5;249m \e[48;5;0m \e[48;5;237m \e[48;5;15m   \e[48;5;0m \e[48;5;249m  \e[48;5;88m \e[48;5;138m \e[48;5;249m \e[48;5;88m \e[48;5;1m \e[48;5;0m \e[48;5;15m                              \e[m
\e[48;5;15m \e[38;5;15;48;5;101m▄▄▄▄▄\e[48;5;101m   \e[38;5;101;48;5;234m▄▄▄▄▄\e[48;5;234m                 \e[38;5;234;48;5;0m▄\e[38;5;234;48;5;232m▄\e[48;5;234m \e[38;5;234;48;5;0m▄▄▄▄▄▄▄▄\e[48;5;234m      \e[38;5;234;48;5;0m▄▄▄▄▄▄\e[38;5;234;48;5;232m▄\e[48;5;234m          \e[38;5;237;48;5;234m▄\e[38;5;101;48;5;234m▄▄▄▄\e[38;5;15;48;5;234m▄▄\e[38;5;15;48;5;101m▄▄▄▄▄▄▄▄\e[48;5;15m      \e[m
\e[48;5;15m      \e[38;5;15;48;5;101m▄▄▄▄▄▄▄▄\e[38;5;15;48;5;234m▄▄▄▄▄▄▄▄▄▄▄▄▄▄▄▄▄▄▄▄▄▄▄▄▄▄▄▄▄▄▄▄▄▄▄▄▄▄▄▄▄▄▄▄▄▄▄▄▄▄▄\e[38;5;15;48;5;237m▄\e[38;5;15;48;5;101m▄▄▄▄\e[48;5;15m                \e[m
\e[48;5;15m                                                                                      \e[m
";