\e[49m                                                                      \e[m
\e[49m                                                                      \e[m
\e[49m                                                                      \e[m
\e[49m                                                                      \e[m
\e[49m                                                                 \e[38;2;214;206;208;49m▄\e[49m    \e[m
\e[49m                       \e[38;2;164;162;153;49m▄\e[38;2;199;195;189;48;2;189;195;183m▄\e[38;2;200;196;191;48;2;159;158;149m▄\e[38;2;199;195;189;49m▄\e[38;2;154;147;139;49m▄\e[49m                                    \e[38;2;187;181;173;49m▄\e[38;2;206;201;198;48;2;212;204;205m▄\e[49m    \e[m
\e[49m                     \e[38;2;195;189;184;48;2;157;161;151m▄\e[38;2;199;195;189;48;2;176;162;161m▄\e[38;2;170;139;131;48;2;199;195;189m▄\e[38;2;155;129;126;48;2;199;195;189m▄\e[38;2;203;199;195;48;2;196;185;178m▄\e[38;2;161;142;139;48;2;186;172;166m▄\e[38;2;154;126;128;48;2;184;167;160m▄\e[38;2;168;142;137;48;2;185;169;163m▄\e[38;2;184;169;162;49m▄\e[49m                                 \e[38;2;156;142;126;49m▄\e[48;2;185;170;164m \e[38;2;199;192;186;48;2;205;199;196m▄\e[49m    \e[m
\e[49m                    \e[38;2;165;129;121;48;2;145;130;125m▄\e[38;2;136;109;104;48;2;198;193;187m▄\e[38;2;172;149;142;48;2;150;117;117m▄\e[38;2;198;193;187;48;2;194;186;179m▄\e[38;2;205;196;188;48;2;199;195;189m▄\e[38;2;196;186;179;48;2;200;197;191m▄\e[38;2;196;186;179;48;2;210;203;202m▄\e[38;2;199;195;189;48;2;189;176;171m▄\e[38;2;198;192;186;48;2;142;116;116m▄\e[38;2;150;122;120;48;2;154;126;128m▄\e[38;2;154;126;128;48;2;170;146;140m▄\e[38;2;154;126;128;49m▄\e[49m                              \e[38;2;167;141;134;48;2;187;193;183m▄\e[38;2;172;149;143;48;2;175;154;147m▄\e[38;2;181;163;155;48;2;181;163;156m▄\e[38;2;206;201;198;48;2;212;204;205m▄\e[49m    \e[m
\e[49m                   \e[38;2;142;144;136;49m▄\e[38;2;57;50;51;48;2;129;91;61m▄\e[38;2;135;100;102;48;2;120;88;85m▄\e[38;2;136;120;118;48;2;146;102;104m▄\e[49;38;2;115;88;86m▀\e[49;38;2;188;187;179m▀\e[49m   \e[49;38;2;167;143;138m▀\e[38;2;182;179;169;48;2;184;169;163m▄\e[38;2;171;143;135;48;2;131;114;113m▄\e[38;2;152;124;124;48;2;154;126;128m▄\e[38;2;170;146;140;48;2;141;127;122m▄\e[49m                           \e[38;2;184;119;71;48;2;128;90;71m▄\e[38;2;170;133;75;48;2;112;79;73m▄\e[38;2;177;159;148;48;2;170;146;140m▄\e[38;2;185;174;167;48;2;180;162;155m▄\e[38;2;200;197;192;48;2;185;180;172m▄\e[49;38;2;204;205;193m▀\e[49m    \e[m
\e[49m                \e[38;2;180;189;172;49m▄\e[38;2;174;164;65;48;2;94;73;55m▄\e[38;2;173;164;61;48;2;175;164;67m▄\e[38;2;156;147;63;48;2;172;162;60m▄\e[38;2;120;93;54;48;2;172;158;65m▄\e[38;2;144;124;60;48;2;116;105;76m▄\e[38;2;142;112;57;48;2;121;103;91m▄\e[49m       \e[49;38;2;163;140;135m▀\e[38;2;156;139;139;48;2;175;172;164m▄\e[38;2;154;126;128;48;2;152;124;125m▄\e[38;2;156;126;128;48;2;144;130;126m▄\e[49m                        \e[38;2;143;145;136;49m▄\e[38;2;85;62;64;48;2;110;106;99m▄\e[38;2;206;141;72;48;2;238;209;100m▄\e[38;2;116;82;76;48;2;190;162;102m▄\e[38;2;183;167;160;48;2;185;178;170m▄\e[38;2;198;194;188;48;2;201;197;192m▄\e[38;2;214;206;208;48;2;214;213;208m▄\e[49m     \e[m
\e[49m               \e[49;38;2;197;195;189m▀\e[38;2;153;151;141;48;2;103;83;48m▄\e[38;2;117;71;52;48;2;175;164;67m▄\e[38;2;217;137;128;48;2;199;177;81m▄\e[38;2;195;82;59;48;2;140;100;79m▄\e[38;2;158;140;60;48;2;160;151;63m▄\e[38;2;138;120;59;48;2;105;73;45m▄\e[38;2;106;43;42;48;2;120;42;41m▄\e[38;2;223;97;70;49m▄\e[38;2;125;48;43;49m▄\e[49m      \e[38;2;156;153;145;48;2;160;148;141m▄\e[49;38;2;184;195;179m▀\e[38;2;168;144;138;48;2;157;130;129m▄\e[38;2;146;146;135;49m▄\e[49m                     \e[38;2;112;112;105;49m▄\e[38;2;85;62;64;48;2;146;147;138m▄\e[38;2;85;62;64;48;2;85;63;64m▄\e[38;2;73;54;54;48;2;85;61;62m▄\e[38;2;235;193;85;48;2;206;141;72m▄\e[38;2;181;164;158;48;2;139;114;110m▄\e[38;2;181;163;155;48;2;179;160;152m▄\e[38;2;198;191;185;48;2;185;179;171m▄\e[49;38;2;194;196;188m▀\e[49m     \e[m
\e[49m                \e[38;2;160;124;96;48;2;195;189;182m▄\e[38;2;112;91;78;48;2;126;93;52m▄\e[38;2;88;63;46;48;2;171;144;76m▄\e[38;2;172;117;103;48;2;150;116;68m▄\e[38;2;130;100;77;48;2;117;82;64m▄\e[38;2;169;136;129;48;2;114;85;67m▄\e[38;2;104;79;54;48;2;170;144;73m▄\e[38;2;126;45;44;48;2;87;43;43m▄\e[38;2;160;51;42;48;2;89;41;41m▄\e[38;2;77;39;39;49m▄\e[38;2;102;86;73;49m▄\e[49m    \e[49;38;2;156;148;148m▀\e[49m \e[38;2;170;165;160;48;2;175;154;147m▄\e[38;2;185;188;175;48;2;169;170;160m▄\e[49m                   \e[38;2;65;50;49;49m▄\e[38;2;85;62;64;48;2;80;65;64m▄\e[38;2;94;71;68;48;2;89;69;68m▄\e[38;2;89;69;68;48;2;85;62;64m▄\e[38;2;84;61;62;48;2;84;58;59m▄\e[38;2;204;137;71;48;2;73;54;53m▄\e[38;2;135;108;103;48;2;193;119;68m▄\e[38;2;173;151;144;48;2;170;150;138m▄\e[38;2;187;177;170;48;2;183;167;160m▄\e[38;2;187;187;187;48;2;202;198;194m▄\e[49m      \e[m
\e[49m               \e[38;2;177;52;42;49m▄\e[38;2;186;171;165;48;2;161;137;127m▄\e[38;2;196;184;177;48;2;142;102;57m▄\e[38;2;196;186;179;48;2;131;90;65m▄\e[38;2;162;130;131;48;2;154;126;59m▄\e[38;2;173;140;131;48;2;185;170;164m▄\e[38;2;193;180;173;48;2;168;138;130m▄\e[38;2;94;77;79;48;2;155;119;121m▄\e[38;2;119;76;72;48;2;91;55;46m▄\e[38;2;146;41;39;48;2;87;36;34m▄\e[38;2;149;119;58;48;2;115;75;55m▄\e[38;2;165;148;60;48;2;169;157;61m▄\e[38;2;170;158;60;48;2;168;154;61m▄\e[38;2;165;149;60;49m▄\e[49m    \e[38;2;171;156;154;48;2;169;167;160m▄\e[49;38;2;200;218;200m▀\e[49m                 \e[38;2;85;62;64;49m▄\e[38;2;82;62;63;48;2;78;57;58m▄\e[38;2;73;54;54;48;2;85;62;64m▄\e[38;2;69;45;48;48;2;84;59;60m▄\e[38;2;66;45;47;48;2;89;69;68m▄\e[38;2;59;47;45;48;2;62;46;46m▄\e[38;2;172;118;75;48;2;70;47;49m▄\e[38;2;136;111;104;48;2;181;117;64m▄\e[38;2;170;146;140;48;2;170;146;129m▄\e[38;2;182;165;157;48;2;181;163;155m▄\e[38;2;207;201;199;48;2;199;195;189m▄\e[49m       \e[m
\e[49m              \e[38;2;117;101;61;49m▄\e[38;2;102;74;61;48;2;112;49;44m▄\e[38;2;196;184;177;48;2;189;172;161m▄\e[38;2;178;162;149;48;2;196;184;177m▄\e[38;2;192;182;175;48;2;196;184;177m▄\e[38;2;177;141;130;48;2;188;169;158m▄\e[38;2;107;80;81;48;2;175;147;141m▄\e[38;2;115;64;53;48;2;136;97;99m▄\e[38;2;110;47;42;48;2;96;71;67m▄\e[38;2;171;54;45;48;2;218;82;63m▄\e[38;2;111;44;43;48;2;72;36;35m▄\e[38;2;170;158;60;48;2;155;134;67m▄\e[38;2;144;118;58;48;2;168;154;60m▄\e[38;2;139;93;56;48;2;156;139;60m▄\e[38;2;127;89;55;48;2;138;99;56m▄\e[49m   \e[38;2;185;190;178;49m▄\e[38;2;167;160;153;48;2;157;138;136m▄\e[49m              \e[38;2;169;171;163;49m▄\e[38;2;97;73;70;49m▄\e[38;2;83;59;59;48;2;89;84;80m▄\e[38;2;73;54;54;48;2;83;60;61m▄\e[38;2;155;105;69;48;2;82;58;59m▄\e[38;2;204;138;71;48;2;74;60;58m▄\e[38;2;131;105;99;48;2;81;55;50m▄\e[38;2;158;124;119;48;2;211;155;75m▄\e[38;2;159;131;122;48;2;147;112;82m▄\e[38;2;181;163;155;48;2;128;98;92m▄\e[38;2;194;183;176;48;2;169;151;145m▄\e[38;2;184;172;165;48;2;142;109;107m▄\e[38;2;167;141;133;48;2;170;146;140m▄\e[38;2;199;189;183;48;2;188;174;168m▄\e[49;38;2;203;205;192m▀\e[49m       \e[m
\e[49m            \e[38;2;148;129;58;49m▄\e[38;2;177;165;72;48;2;163;146;60m▄\e[38;2;178;159;84;48;2;158;139;63m▄\e[38;2;196;185;178;48;2;186;173;166m▄\e[38;2;176;153;143;48;2;196;184;177m▄\e[38;2;187;140;129;48;2;183;165;158m▄\e[38;2;89;47;48;48;2;183;138;124m▄\e[38;2;102;50;51;48;2;133;53;50m▄\e[38;2;105;42;41;48;2;115;45;43m▄\e[38;2;161;51;42;48;2;212;76;59m▄\e[38;2;87;41;41;48;2;117;48;43m▄\e[38;2;162;94;72;48;2;90;46;48m▄\e[38;2;171;137;75;48;2;71;36;36m▄\e[38;2;147;103;58;48;2;165;148;60m▄\e[38;2;96;73;47;48;2;86;54;44m▄\e[38;2;173;137;96;48;2;132;94;70m▄\e[38;2;135;93;57;48;2;103;74;68m▄\e[49m  \e[38;2;177;182;171;49m▄\e[49;38;2;169;146;140m▀\e[49m            \e[38;2;74;64;62;49m▄\e[38;2;83;62;63;49m▄\e[38;2;82;59;61;48;2;82;60;61m▄\e[38;2;77;55;54;48;2;85;62;64m▄\e[38;2;178;117;66;48;2;79;60;58m▄\e[38;2;136;106;105;48;2;97;68;55m▄\e[38;2;154;131;123;48;2;176;140;73m▄\e[38;2;170;147;142;48;2;141;114;114m▄\e[38;2;170;149;145;48;2;153;130;122m▄\e[38;2;165;141;136;48;2;150;122;120m▄\e[38;2;164;142;137;48;2;156;129;125m▄\e[38;2;170;152;146;48;2;170;146;140m▄\e[38;2;148;130;126;48;2;181;163;155m▄\e[38;2;158;143;142;48;2;196;184;177m▄\e[38;2;202;199;194;48;2;197;191;184m▄\e[38;2;204;200;196;48;2;164;133;123m▄\e[49m         \e[m
\e[49m            \e[38;2;98;68;44;48;2;149;130;58m▄\e[38;2;165;121;63;48;2;205;182;117m▄\e[38;2;165;148;60;48;2;167;151;61m▄\e[38;2;161;118;114;48;2;189;168;153m▄\e[38;2;135;92;55;48;2;111;88;87m▄\e[38;2;116;81;68;48;2;121;92;89m▄\e[38;2;101;73;68;48;2;91;56;51m▄\e[38;2;104;73;58;48;2;103;72;55m▄\e[38;2;134;95;63;48;2;112;74;55m▄\e[38;2;165;121;72;48;2;81;42;40m▄\e[38;2;107;86;54;48;2;127;89;54m▄\e[38;2;80;58;48;48;2;159;122;71m▄\e[38;2;97;67;55;48;2;167;144;78m▄\e[38;2;74;53;45;48;2;147;110;58m▄\e[38;2;121;86;61;48;2;140;104;77m▄\e[38;2;148;104;63;48;2;170;138;87m▄\e[38;2;84;63;60;48;2;103;72;49m▄\e[49m \e[49;38;2;159;157;150m▀\e[49m           \e[38;2;76;56;56;49m▄\e[38;2;83;58;59;48;2;171;177;166m▄\e[38;2;74;54;54;48;2;84;62;63m▄\e[38;2;202;138;72;48;2;84;58;59m▄\e[38;2;114;88;77;48;2;75;54;54m▄\e[38;2;149;121;119;48;2;172;117;73m▄\e[38;2;150;122;120;48;2;113;96;93m▄\e[38;2;154;132;126;48;2;151;124;120m▄\e[38;2;172;158;159;48;2;168;145;139m▄\e[38;2;140;124;121;48;2;170;146;141m▄\e[49;38;2;182;167;163m▀\e[49;38;2;165;151;147m▀\e[49m                \e[m
\e[49m            \e[49;38;2;171;177;166m▀\e[38;2;123;91;51;48;2;112;76;47m▄\e[38;2;101;79;47;48;2;138;90;51m▄\e[38;2;109;80;69;48;2;142;102;103m▄\e[38;2;170;153;68;48;2;114;77;68m▄\e[38;2;155;133;76;48;2;90;66;52m▄\e[38;2;170;133;99;48;2;102;79;70m▄\e[38;2;130;92;78;48;2;88;62;58m▄\e[38;2;110;85;65;48;2;122;90;77m▄\e[38;2;148;114;91;48;2;132;90;72m▄\e[38;2;183;150;103;48;2;170;133;93m▄\e[38;2;174;136;100;48;2;169;130;95m▄\e[38;2;173;124;83;48;2;162;125;93m▄\e[38;2;149;110;64;48;2;152;118;70m▄\e[38;2;106;74;66;48;2;103;72;55m▄\e[38;2;107;75;54;48;2;132;90;54m▄\e[38;2;80;60;52;48;2;119;102;102m▄\e[49m      \e[38;2;134;118;105;49m▄\e[38;2;184;119;71;49m▄\e[38;2;86;63;64;49m▄\e[38;2;79;60;58;49m▄\e[38;2;82;60;62;48;2;159;155;150m▄\e[38;2;74;55;55;48;2;81;59;60m▄\e[38;2;155;112;63;48;2;85;62;64m▄\e[38;2;182;125;72;48;2;76;60;58m▄\e[38;2;147;120;117;48;2;193;132;68m▄\e[38;2;154;133;127;48;2;146;102;73m▄\e[38;2;160;140;136;48;2;154;135;131m▄\e[38;2;171;152;150;48;2;150;122;120m▄\e[38;2;136;114;111;48;2;148;121;119m▄\e[49;38;2;154;130;124m▀\e[49;38;2;141;126;122m▀\e[49m                    \e[m
\e[49m             \e[49;38;2;91;77;67m▀\e[38;2;133;94;51;48;2;156;141;60m▄\e[38;2;146;112;57;48;2;166;147;62m▄\e[38;2;131;93;54;48;2;165;138;70m▄\e[38;2;172;163;60;48;2;151;127;59m▄\e[38;2;165;148;60;48;2;129;101;73m▄\e[38;2;147;128;59;48;2;118;88;81m▄\e[38;2;102;76;63;48;2;127;103;73m▄\e[38;2;114;84;71;48;2;154;111;86m▄\e[38;2;186;155;115;48;2;157;117;83m▄\e[38;2;179;139;94;48;2;159;107;82m▄\e[38;2;185;155;105;48;2;144;91;71m▄\e[38;2;178;140;101;48;2;156;117;83m▄\e[38;2;55;35;30;48;2;55;41;41m▄\e[38;2;72;52;49;48;2;65;51;50m▄\e[38;2;56;52;56;48;2;81;62;54m▄\e[48;2;56;56;64m \e[38;2;94;42;42;48;2;187;195;184m▄\e[49m    \e[38;2;138;117;85;48;2;157;108;71m▄\e[38;2;233;187;83;48;2;196;121;68m▄\e[38;2;78;60;55;48;2;80;53;47m▄\e[38;2;194;120;68;48;2;183;126;68m▄\e[38;2;113;84;68;48;2;183;132;71m▄\e[38;2;150;122;120;48;2;198;126;69m▄\e[38;2;150;123;120;48;2;135;116;113m▄\e[38;2;160;133;126;48;2;150;122;120m▄\e[38;2;163;144;140;48;2;154;133;128m▄\e[49;38;2;167;145;140m▀\e[49;38;2;179;171;165m▀\e[49m                        \e[m
\e[49m              \e[49;38;2;82;63;59m▀\e[38;2;205;210;190;48;2;131;90;54m▄\e[38;2;154;117;87;48;2;132;95;54m▄\e[38;2;56;54;60;48;2;119;101;52m▄\e[38;2;128;49;43;48;2;196;64;51m▄\e[38;2;173;54;44;48;2;178;52;42m▄\e[38;2;199;69;55;48;2;120;51;47m▄\e[38;2;59;50;55;48;2;99;42;42m▄\e[38;2;97;42;42;48;2;186;163;124m▄\e[38;2;172;134;99;48;2;193;168;112m▄\e[38;2;168;127;92;48;2;189;160;110m▄\e[38;2;123;87;58;48;2;170;133;99m▄\e[38;2;77;51;44;48;2;57;36;30m▄\e[38;2;59;34;35;48;2;68;50;50m▄\e[38;2;56;55;63;48;2;56;53;59m▄\e[38;2;73;54;46;48;2;56;56;64m▄\e[38;2;169;144;124;48;2;60;39;39m▄\e[38;2;130;118;59;48;2;136;120;64m▄\e[38;2;134;91;49;48;2;160;141;62m▄\e[38;2;183;190;178;48;2;165;171;158m▄\e[38;2;83;61;52;49m▄\e[38;2;140;124;122;48;2;94;90;86m▄\e[38;2;121;91;68;48;2;219;152;75m▄\e[38;2;217;146;74;48;2;179;118;72m▄\e[38;2;77;65;63;48;2;117;87;79m▄\e[38;2;160;144;132;48;2;161;141;131m▄\e[38;2;154;136;127;48;2;150;123;120m▄\e[49;38;2;154;131;123m▀\e[49;38;2;160;162;151m▀\e[49m                           \e[m
\e[49m                \e[38;2;158;155;147;48;2;94;71;58m▄\e[38;2;61;38;38;48;2;148;46;40m▄\e[38;2;96;46;48;48;2;129;44;40m▄\e[38;2;125;46;47;48;2;151;50;43m▄\e[38;2;60;48;52;48;2;164;52;42m▄\e[38;2;112;48;44;48;2;190;60;49m▄\e[38;2;55;38;39;48;2;147;49;42m▄\e[38;2;156;48;42;48;2;55;38;39m▄\e[38;2;165;52;42;48;2;107;83;74m▄\e[38;2;127;38;36;48;2;150;118;106m▄\e[38;2;102;43;43;48;2;117;84;80m▄\e[38;2;63;33;33;48;2;119;49;44m▄\e[38;2;110;76;64;48;2;114;77;69m▄\e[38;2;157;138;66;48;2;170;145;124m▄\e[38;2;149;122;62;48;2;145;133;60m▄\e[38;2;141;95;63;48;2;70;50;42m▄\e[38;2;139;99;56;48;2;143;91;57m▄\e[38;2;130;90;54;48;2;146;97;57m▄\e[38;2;113;113;108;48;2;62;48;44m▄\e[49;38;2;94;78;80m▀\e[49;38;2;148;153;139m▀\e[49;38;2;203;139;72m▀\e[38;2;125;85;69;48;2;228;171;78m▄\e[38;2;150;143;131;48;2;202;133;70m▄\e[49m                              \e[m
\e[49m              \e[38;2;151;135;126;49m▄\e[38;2;85;62;64;49m▄\e[38;2;151;55;49;48;2;169;63;52m▄\e[38;2;71;40;40;48;2;76;44;40m▄\e[38;2;59;48;45;48;2;97;42;42m▄\e[38;2;71;38;38;48;2;100;49;50m▄\e[38;2;100;48;49;48;2;99;46;48m▄\e[38;2;87;42;42;48;2;124;44;40m▄\e[38;2;100;42;42;48;2;107;44;43m▄\e[38;2;123;42;40;48;2;202;73;58m▄\e[38;2;91;41;41;48;2;87;35;33m▄\e[38;2;171;144;75;48;2;102;45;43m▄\e[38;2;120;80;55;48;2;131;109;59m▄\e[38;2;148;113;58;48;2;147;97;61m▄\e[38;2;156;147;61;48;2;64;50;44m▄\e[38;2;72;53;51;48;2;126;88;54m▄\e[38;2;120;86;54;48;2;133;96;55m▄\e[38;2;114;75;53;48;2;133;91;55m▄\e[38;2;116;112;106;48;2;125;88;54m▄\e[49;38;2;95;65;46m▀\e[49m                                    \e[m
\e[49m          \e[38;2;115;59;54;49m▄\e[38;2;181;61;50;48;2;117;42;41m▄\e[38;2;164;64;54;48;2;154;49;42m▄\e[38;2;155;50;42;48;2;162;51;43m▄\e[38;2;149;49;43;48;2;134;50;44m▄\e[38;2;139;49;43;48;2;156;49;42m▄\e[38;2;74;65;61;48;2;151;52;45m▄\e[38;2;129;52;50;48;2;126;50;49m▄\e[38;2;82;42;43;48;2;73;46;46m▄\e[38;2;70;41;42;48;2;67;33;34m▄\e[38;2;55;37;37;48;2;68;35;35m▄\e[38;2;80;48;47;48;2;71;43;42m▄\e[38;2;57;49;49;48;2;65;48;43m▄\e[38;2;57;43;42;48;2;87;41;42m▄\e[38;2;140;91;59;48;2;145;116;65m▄\e[38;2;154;142;60;48;2;96;69;52m▄\e[38;2;136;122;62;48;2;168;157;62m▄\e[38;2;85;62;44;48;2;154;137;61m▄\e[38;2;69;45;48;48;2;127;86;55m▄\e[38;2;69;46;47;48;2;72;47;44m▄\e[38;2;78;54;49;48;2;74;49;43m▄\e[38;2;72;51;44;48;2;83;47;46m▄\e[38;2;74;66;63;48;2;134;128;122m▄\e[38;2;117;103;94;49m▄\e[49m                                    \e[m
\e[49m          \e[38;2;136;42;40;48;2;157;47;42m▄\e[38;2;152;49;42;48;2;164;52;42m▄\e[48;2;164;52;42m \e[38;2;144;48;43;48;2;139;49;43m▄\e[38;2;93;46;43;48;2;151;49;43m▄\e[38;2;139;49;43;48;2;90;53;46m▄\e[38;2;136;55;51;48;2;123;46;47m▄\e[38;2;78;43;44;48;2;90;46;48m▄\e[38;2;60;31;32;48;2;71;40;41m▄\e[38;2;210;142;72;48;2;55;39;40m▄\e[38;2;55;39;40;48;2;179;126;75m▄\e[38;2;125;109;109;48;2;145;124;123m▄\e[38;2;103;93;88;48;2;127;111;111m▄\e[38;2;77;53;50;48;2;86;60;55m▄\e[38;2;78;54;49;48;2;60;43;44m▄\e[38;2;72;51;44;48;2;122;103;56m▄\e[38;2;77;52;44;48;2;72;42;40m▄\e[38;2;59;48;45;48;2;77;51;44m▄\e[38;2;82;40;40;48;2;71;39;38m▄\e[38;2;91;40;40;48;2;72;39;39m▄\e[38;2;89;45;47;48;2;59;47;44m▄\e[38;2;146;55;49;48;2;89;47;47m▄\e[38;2;162;51;42;48;2;139;55;50m▄\e[38;2;144;49;43;48;2;109;44;45m▄\e[38;2;65;46;46;48;2;185;197;185m▄\e[38;2;153;153;143;49m▄\e[49m                                  \e[m
\e[49m        \e[38;2;58;57;57;48;2;186;194;183m▄\e[38;2;56;56;64;48;2;55;54;60m▄\e[38;2;55;39;40;48;2;75;31;31m▄\e[38;2;146;41;39;48;2;74;37;38m▄\e[38;2;100;43;43;48;2;156;48;42m▄\e[38;2;93;47;48;48;2;158;50;42m▄\e[38;2;152;50;43;48;2;83;41;42m▄\e[38;2;137;41;39;48;2;99;46;47m▄\e[38;2;119;48;44;48;2;115;45;47m▄\e[38;2;55;39;40;48;2;77;41;42m▄\e[48;2;55;39;40m \e[38;2;55;39;40;48;2;142;97;71m▄\e[38;2;61;43;43;48;2;134;88;55m▄\e[38;2;66;39;39;48;2;191;131;73m▄\e[38;2;87;45;48;48;2;63;42;44m▄\e[38;2;87;50;51;48;2;75;49;48m▄\e[38;2;81;45;48;48;2;76;52;45m▄\e[38;2;70;40;39;48;2;66;42;41m▄\e[38;2;132;63;55;48;2;74;46;41m▄\e[38;2;166;67;57;48;2;73;45;42m▄\e[38;2;123;48;44;48;2;74;39;39m▄\e[38;2;61;32;34;48;2;57;39;39m▄\e[38;2;55;38;39;48;2;139;41;39m▄\e[38;2;143;41;39;48;2;162;51;42m▄\e[38;2;152;50;43;48;2;164;52;42m▄\e[38;2;164;52;42;48;2;93;41;41m▄\e[38;2;160;47;42;48;2;149;49;43m▄\e[38;2;102;48;43;48;2;102;46;43m▄\e[38;2;87;41;41;49m▄\e[49m                                 \e[m
\e[49m       \e[38;2;120;108;102;49m▄\e[38;2;110;108;104;48;2;70;69;68m▄\e[48;2;56;56;64m \e[38;2;55;39;40;48;2;54;43;46m▄\e[38;2;56;56;64;48;2;56;35;37m▄\e[38;2;78;32;32;48;2;131;45;45m▄\e[38;2;159;48;41;48;2;97;42;43m▄\e[38;2;146;41;39;48;2;196;66;52m▄\e[38;2;55;37;38;48;2;139;41;39m▄\e[48;2;55;39;40m \e[38;2;59;39;39;48;2;61;39;39m▄\e[38;2;54;42;44;48;2;55;39;40m▄\e[38;2;56;53;60;48;2;55;39;40m▄\e[38;2;55;39;40;48;2;59;35;36m▄\e[38;2;56;34;35;48;2;77;39;40m▄\e[38;2;87;41;41;48;2;74;39;38m▄\e[38;2;129;42;39;48;2;94;44;46m▄\e[38;2;146;41;39;48;2;93;46;48m▄\e[38;2;146;41;39;48;2;115;51;50m▄\e[38;2;146;41;39;48;2;96;45;46m▄\e[38;2;97;42;41;48;2;84;37;36m▄\e[38;2;62;39;39;48;2;101;48;49m▄\e[38;2;54;45;50;48;2;66;35;36m▄\e[38;2;56;56;64;48;2;54;43;45m▄\e[38;2;56;56;64;48;2;133;40;38m▄\e[38;2;146;41;39;48;2;119;43;40m▄\e[38;2;117;40;38;48;2;155;48;42m▄\e[38;2;60;34;35;48;2;120;41;38m▄\e[38;2;54;42;45;48;2;100;40;39m▄\e[38;2;56;53;58;48;2;49;42;44m▄\e[38;2;55;39;40;49m▄\e[38;2;87;41;41;48;2;151;146;141m▄\e[38;2;127;43;41;49m▄\e[49m                              \e[m
\e[49m       \e[38;2;153;50;42;48;2;160;54;46m▄\e[38;2;164;52;42;48;2;180;187;173m▄\e[38;2;102;48;49;48;2;48;47;51m▄\e[38;2;101;43;43;48;2;54;38;39m▄\e[38;2;55;39;40;48;2;56;56;64m▄\e[38;2;56;55;63;48;2;56;56;64m▄\e[38;2;54;48;53;48;2;62;30;32m▄\e[38;2;48;34;30;48;2;57;33;35m▄\e[38;2;55;39;39;48;2;55;39;40m▄\e[38;2;55;35;32;48;2;59;39;39m▄\e[38;2;56;56;64;48;2;61;39;39m▄\e[38;2;56;56;64;48;2;47;37;37m▄\e[48;2;56;56;64m \e[38;2;50;46;49;48;2;56;56;64m▄\e[38;2;44;36;36;48;2;56;52;57m▄\e[38;2;54;45;49;48;2;54;43;47m▄\e[38;2;41;32;34;48;2;55;39;40m▄\e[38;2;54;42;45;48;2;55;39;40m▄\e[38;2;54;45;49;48;2;55;39;40m▄▄\e[38;2;49;42;45;48;2;55;39;40m▄\e[38;2;45;36;36;48;2;58;45;43m▄\e[38;2;47;37;37;48;2;54;39;40m▄\e[38;2;48;37;37;48;2;56;52;58m▄\e[38;2;47;42;46;48;2;56;55;63m▄\e[38;2;45;44;48;48;2;56;54;61m▄\e[38;2;55;34;35;48;2;55;39;40m▄\e[38;2;133;53;50;48;2;54;38;39m▄\e[38;2;116;46;47;48;2;46;37;38m▄\e[38;2;102;43;43;48;2;55;39;40m▄\e[38;2;101;43;43;48;2;52;44;48m▄\e[38;2;99;46;48;48;2;158;50;41m▄\e[38;2;100;49;50;48;2;87;42;43m▄\e[49m                              \e[m
\e[49m      \e[38;2;171;177;166;49m▄\e[38;2;61;32;31;48;2;159;51;42m▄\e[38;2;121;43;41;48;2;191;67;54m▄\e[38;2;101;50;51;48;2;97;45;47m▄\e[38;2;99;46;48;48;2;101;49;46m▄\e[38;2;90;46;48;48;2;86;39;40m▄\e[38;2;95;45;47;48;2;55;38;39m▄\e[38;2;98;46;48;48;2;71;38;36m▄\e[38;2;54;42;45;48;2;56;36;38m▄\e[38;2;54;45;49;48;2;55;39;40m▄\e[38;2;54;40;42;48;2;54;41;43m▄\e[38;2;54;41;43;48;2;56;56;64m▄\e[38;2;165;161;156;48;2;56;56;64m▄\e[49;38;2;48;37;38m▀\e[49;38;2;85;83;80m▀\e[49m      \e[49;38;2;92;92;86m▀\e[49;38;2;49;44;48m▀\e[49;38;2;54;45;49m▀\e[49;38;2;54;43;46m▀\e[38;2;148;149;140;48;2;54;39;40m▄\e[38;2;42;33;35;48;2;53;38;39m▄\e[38;2;54;45;49;48;2;55;39;40m▄\e[38;2;54;45;48;48;2;136;49;43m▄\e[38;2;90;43;43;48;2;116;45;47m▄\e[38;2;102;50;51;48;2;90;41;41m▄\e[38;2;90;46;48;48;2;101;50;51m▄\e[38;2;75;57;56;48;2;98;46;48m▄\e[49;38;2;98;77;75m▀\e[49m                              \e[m
\e[49m      \e[38;2;173;75;66;48;2;44;35;35m▄\e[38;2;55;50;55;48;2;43;36;36m▄\e[38;2;41;33;30;48;2;86;40;40m▄\e[38;2;40;31;30;48;2;100;49;50m▄\e[38;2;42;33;30;48;2;91;46;48m▄\e[38;2;39;31;29;48;2;94;46;48m▄\e[38;2;37;29;28;48;2;87;45;46m▄\e[38;2;76;72;69;48;2;57;39;39m▄\e[38;2;101;98;94;48;2;55;39;40m▄\e[49;38;2;54;45;49m▀\e[49m               \e[38;2;170;172;162;49m▄\e[38;2;38;30;31;48;2;31;25;25m▄\e[38;2;56;56;64;48;2;36;28;28m▄\e[38;2;88;50;51;48;2;39;30;31m▄\e[38;2;48;37;37;48;2;41;33;30m▄\e[38;2;90;49;50;48;2;39;32;29m▄\e[38;2;93;54;55;48;2;55;39;40m▄\e[38;2;84;62;62;48;2;85;81;77m▄\e[49m                               \e[m
\e[49m      \e[38;2;117;46;47;48;2;150;58;52m▄\e[38;2;113;51;46;48;2;104;50;49m▄\e[38;2;136;55;51;48;2;85;45;46m▄\e[38;2;89;45;47;48;2;55;39;40m▄\e[38;2;96;53;54;48;2;55;39;40m▄\e[38;2;54;45;49;48;2;55;39;40m▄\e[38;2;73;69;72;48;2;45;38;39m▄\e[49;38;2;77;75;70m▀\e[49;38;2;185;185;177m▀\e[49m                \e[38;2;45;44;48;49m▄\e[49;38;2;45;35;31m▀\e[38;2;64;51;40;48;2;56;56;64m▄\e[38;2;166;67;57;48;2;136;55;51m▄\e[38;2;99;49;50;48;2;85;45;46m▄\e[38;2;101;50;51;48;2;98;51;52m▄\e[38;2;90;43;43;48;2;90;53;54m▄\e[38;2;75;44;44;48;2;76;56;51m▄\e[49m                               \e[m
\e[49m     \e[38;2;80;42;43;48;2;94;68;65m▄\e[38;2;60;49;54;48;2;99;46;48m▄\e[38;2;154;50;42;48;2;156;54;46m▄\e[38;2;72;34;35;48;2;150;55;49m▄\e[38;2;90;46;48;48;2;100;49;50m▄\e[38;2;53;45;45;48;2;65;36;37m▄\e[49m \e[38;2;170;176;164;48;2;140;144;136m▄\e[38;2;187;195;183;48;2;69;63;61m▄\e[49m                   \e[49;38;2;129;128;120m▀\e[38;2;59;41;43;48;2;141;48;42m▄\e[38;2;151;49;43;48;2;131;50;46m▄\e[48;2;99;46;48m \e[38;2;99;46;48;48;2;99;47;48m▄\e[38;2;76;44;44;48;2;75;43;43m▄\e[49m                               \e[m
\e[49m     \e[38;2;89;77;71;48;2;64;62;63m▄\e[38;2;105;75;45;48;2;136;49;43m▄\e[38;2;46;44;45;48;2;152;50;43m▄\e[38;2;79;54;42;48;2;75;40;40m▄\e[38;2;141;142;133;48;2;87;41;41m▄\e[49m                       \e[49;38;2;186;194;182m▀\e[38;2;57;44;38;48;2;53;53;61m▄\e[38;2;54;40;42;48;2;152;50;43m▄\e[38;2;55;39;40;48;2;77;35;34m▄\e[38;2;54;44;47;48;2;87;41;41m▄\e[38;2;121;86;80;48;2;54;39;40m▄\e[49m                               \e[m
\e[49m    \e[38;2;156;152;141;49m▄\e[38;2;138;128;62;48;2;114;91;60m▄\e[38;2;137;122;64;48;2;138;128;62m▄\e[38;2;120;107;56;48;2;115;90;60m▄\e[38;2;91;64;47;48;2;79;58;56m▄\e[38;2;117;88;84;48;2;204;204;204m▄\e[49m                       \e[38;2;68;53;50;48;2;187;193;183m▄\e[38;2;127;100;93;48;2;90;64;58m▄\e[38;2;71;53;52;48;2;105;76;71m▄\e[38;2;135;119;61;48;2;122;87;52m▄\e[38;2;138;128;62;48;2;120;86;54m▄\e[38;2;126;112;58;48;2;125;113;59m▄\e[38;2;90;74;62;48;2;104;83;59m▄\e[38;2;98;70;55;49m▄\e[38;2;184;179;171;49m▄\e[49m                            \e[m
\e[49m   \e[38;2;110;85;76;49m▄\e[38;2;137;125;61;48;2;125;106;65m▄\e[38;2;127;97;55;48;2;135;121;60m▄\e[38;2;88;74;71;48;2;132;117;59m▄\e[38;2;100;70;66;48;2;107;88;53m▄\e[38;2;116;77;54;48;2;120;93;54m▄\e[38;2;132;109;96;48;2;99;72;65m▄\e[49m                       \e[49;38;2;101;76;59m▀\e[38;2;94;71;53;48;2;147;133;116m▄\e[38;2;101;72;61;48;2;135;99;72m▄\e[38;2;118;88;79;48;2;147;131;116m▄\e[38;2;132;95;55;48;2;115;88;50m▄\e[38;2;137;125;64;48;2;124;105;56m▄\e[38;2;95;81;47;48;2;76;62;54m▄\e[38;2;101;85;48;48;2;85;62;49m▄\e[38;2;93;81;46;48;2;103;75;54m▄\e[38;2;71;49;44;48;2;88;70;49m▄\e[38;2;123;120;112;49m▄\e[49m                          \e[m
\e[49m  \e[38;2;168;174;164;49m▄\e[38;2;89;68;44;48;2;133;117;60m▄\e[38;2;93;81;47;48;2;122;89;54m▄\e[38;2;96;76;46;48;2;111;79;48m▄\e[38;2;116;83;52;48;2;122;100;70m▄\e[38;2;98;76;46;48;2;138;128;64m▄\e[38;2;115;93;57;48;2;136;121;64m▄\e[38;2;69;50;44;48;2;72;53;52m▄\e[49m                          \e[49;38;2;97;78;58m▀\e[49;38;2;89;67;55m▀\e[38;2;89;70;58;48;2;61;48;44m▄\e[38;2;96;66;55;48;2;128;91;56m▄\e[38;2;73;60;57;48;2;114;77;68m▄\e[38;2;91;77;75;48;2;64;52;48m▄\e[49;38;2;73;54;54m▀\e[49m                           \e[m
\e[49m  \e[49;38;2;94;90;84m▀\e[38;2;112;110;105;48;2;81;60;54m▄\e[38;2;73;54;54;48;2;102;75;61m▄\e[38;2;73;54;54;48;2;101;75;54m▄\e[38;2;73;62;59;48;2;102;73;62m▄\e[38;2;73;54;54;48;2;79;56;50m▄\e[38;2;73;54;54;48;2;97;71;52m▄\e[49;38;2;151;155;145m▀\e[49m                                                            \e[m
";