\e[49m                                                                      \e[m
\e[49m                                                                      \e[m
\e[49m                                                             \e[38;2;214;205;207;48;2;204;200;196m▄\e[49m        \e[m
\e[49m                                                             \e[38;2;196;186;179;48;2;199;196;190m▄\e[49m        \e[m
\e[49m                                                            \e[38;2;181;163;155;48;2;152;127;121m▄\e[38;2;185;170;164;48;2;186;180;172m▄\e[38;2;212;204;205;48;2;202;205;192m▄\e[49m       \e[m
\e[49m                                                           \e[38;2;122;100;99;49m▄\e[38;2;171;151;148;48;2;174;160;140m▄\e[38;2;178;161;156;48;2;181;163;155m▄\e[38;2;197;190;184;48;2;205;200;197m▄\e[49m       \e[m
\e[49m                        \e[38;2;201;197;192;49m▄\e[38;2;202;199;194;48;2;149;147;138m▄\e[38;2;199;195;189;49m▄\e[38;2;196;184;177;49m▄\e[38;2;162;162;151;49m▄\e[49m                            \e[38;2;136;153;136;49m▄\e[38;2;196;121;68;48;2;160;118;68m▄\e[38;2;128;102;100;48;2;136;111;105m▄\e[38;2;181;163;155;48;2;180;162;155m▄\e[38;2;196;184;177;48;2;185;172;166m▄\e[38;2;214;206;208;48;2;200;197;192m▄\e[49m       \e[m
\e[49m                     \e[38;2;193;185;180;49m▄\e[38;2;183;174;167;48;2;199;195;189m▄\e[48;2;199;195;189m \e[38;2;162;131;125;48;2;201;197;192m▄\e[38;2;207;201;199;48;2;197;189;183m▄\e[38;2;210;205;204;48;2;175;154;147m▄\e[38;2;185;172;164;48;2;166;139;136m▄\e[38;2;147;121;119;48;2;185;170;164m▄\e[38;2;155;126;128;48;2;183;164;155m▄\e[38;2;170;146;140;48;2;177;176;163m▄\e[38;2;159;157;146;49m▄\e[49m                         \e[38;2;82;60;61;48;2;170;170;153m▄\e[38;2;82;56;50;48;2;225;186;86m▄\e[38;2;159;109;72;48;2;138;108;90m▄\e[38;2;181;163;155;48;2;192;187;180m▄\e[38;2;197;188;182;48;2;212;204;205m▄\e[38;2;212;204;205;48;2;214;206;208m▄\e[49m       \e[m
\e[49m                     \e[38;2;158;129;128;48;2;195;185;178m▄\e[38;2;144;112;108;48;2;199;195;189m▄\e[38;2;189;178;171;48;2;146;123;120m▄\e[38;2;199;195;189;48;2;196;184;177m▄\e[38;2;197;183;176;48;2;199;195;189m▄\e[38;2;165;137;133;48;2;199;195;189m▄\e[38;2;158;130;126;48;2;204;198;192m▄\e[38;2;154;124;124;48;2;199;195;189m▄\e[38;2;156;139;131;48;2;196;184;177m▄\e[38;2;162;136;134;48;2;185;170;164m▄\e[38;2;166;139;131;48;2;151;125;126m▄\e[38;2;170;146;140;48;2;137;122;118m▄\e[38;2;170;146;140;49m▄▄\e[38;2;159;147;139;49m▄\e[49m \e[49;38;2;188;199;188m▀\e[49m                  \e[38;2;85;62;64;48;2;101;98;93m▄\e[38;2;85;62;64;48;2;88;68;67m▄\e[38;2;73;54;54;48;2;79;55;55m▄\e[38;2;189;138;77;48;2;152;101;70m▄\e[38;2;181;163;155;48;2;171;158;136m▄\e[38;2;185;170;164;48;2;182;165;157m▄\e[38;2;207;201;199;48;2;199;195;189m▄\e[49m       \e[m
\e[49m                    \e[49;38;2;121;121;114m▀\e[38;2;55;49;54;48;2;130;95;98m▄\e[38;2;122;103;100;48;2;136;95;98m▄\e[38;2;140;115;114;48;2;158;117;115m▄\e[49;38;2;128;93;92m▀\e[49;38;2;173;179;168m▀\e[49m     \e[49;38;2;174;172;164m▀\e[38;2;177;182;171;48;2;151;123;122m▄\e[38;2;152;124;124;48;2;167;140;133m▄\e[38;2;141;130;124;49m▄\e[49m                   \e[38;2;71;63;61;49m▄\e[38;2;89;69;68;48;2;75;55;56m▄\e[38;2;87;66;66;48;2;75;54;54m▄\e[38;2;84;62;63;48;2;85;62;64m▄\e[38;2;168;111;63;48;2;94;66;55m▄\e[38;2;124;97;95;48;2;134;92;70m▄\e[38;2;179;160;153;48;2;170;148;139m▄\e[38;2;195;183;176;48;2;185;170;164m▄\e[38;2;198;195;190;48;2;159;152;145m▄\e[49m       \e[m
\e[49m                  \e[38;2;159;141;60;48;2;162;168;157m▄\e[38;2;173;164;62;48;2;102;83;57m▄\e[38;2;162;149;60;48;2;129;111;52m▄\e[38;2;122;86;54;48;2;75;58;39m▄\e[38;2;101;85;82;49m▄\e[38;2;128;114;107;48;2;162;157;149m▄\e[49m         \e[49;38;2;147;125;122m▀\e[38;2;153;125;126;48;2;153;125;127m▄\e[38;2;159;138;133;49m▄\e[49m         \e[38;2;165;170;157;49m▄\e[49m       \e[38;2;85;62;64;48;2;167;172;161m▄\e[38;2;81;59;60;48;2;85;62;64m▄\e[38;2;86;65;65;48;2;94;71;68m▄\e[38;2;69;45;48;48;2;87;66;66m▄\e[38;2;56;41;41;48;2;73;54;54m▄\e[38;2;163;113;74;48;2;202;133;70m▄\e[38;2;157;127;120;48;2;161;129;121m▄\e[38;2;174;160;140;48;2;181;163;155m▄\e[38;2;196;187;180;48;2;168;145;140m▄\e[38;2;209;203;201;48;2;195;195;187m▄\e[49m       \e[m
\e[49m                \e[38;2;195;202;183;49m▄\e[38;2;155;143;60;48;2;110;93;57m▄\e[38;2;165;153;60;48;2;171;161;60m▄\e[38;2;239;187;178;48;2;171;162;61m▄\e[38;2;155;116;58;48;2;136;107;80m▄\e[38;2;152;131;60;48;2;117;79;54m▄\e[38;2;137;106;57;48;2;142;100;56m▄\e[38;2;144;41;39;49m▄\e[38;2;102;72;70;49m▄\e[38;2;97;51;45;49m▄\e[49m         \e[49;38;2;170;146;140m▀\e[38;2;175;161;154;48;2;152;124;124m▄\e[38;2;155;126;128;49m▄\e[49m       \e[38;2;158;154;150;48;2;165;165;153m▄\e[49m     \e[38;2;70;51;50;49m▄\e[38;2;82;62;63;48;2;84;59;60m▄\e[38;2;73;54;54;48;2;75;55;55m▄\e[38;2;78;55;55;48;2;84;61;63m▄\e[38;2;190;134;78;48;2;63;46;46m▄\e[38;2;121;97;92;48;2;73;53;45m▄\e[38;2;181;163;155;48;2;217;164;77m▄\e[38;2;190;181;174;48;2;122;97;98m▄\e[38;2;189;174;167;48;2;149;113;106m▄\e[38;2;164;141;136;48;2;170;146;140m▄\e[38;2;201;198;194;48;2;197;187;181m▄\e[49m        \e[m
\e[49m                 \e[38;2;213;223;209;48;2;165;78;60m▄\e[38;2;168;141;76;48;2;162;151;61m▄\e[38;2;179;160;151;48;2;225;127;65m▄\e[38;2;107;72;49;48;2;185;123;71m▄\e[38;2;179;141;124;48;2;121;82;55m▄\e[38;2;148;104;105;48;2;109;79;65m▄\e[38;2;124;87;54;48;2;168;149;69m▄\e[38;2;121;90;49;48;2;144;51;44m▄\e[38;2;198;69;55;48;2;77;41;41m▄\e[38;2;87;41;41;49m▄\e[38;2;123;108;57;49m▄\e[38;2;132;128;120;49m▄\e[49m        \e[49;38;2;164;164;155m▀\e[49;38;2;166;150;149m▀\e[38;2;165;144;141;49m▄\e[38;2;165;142;137;49m▄\e[38;2;154;135;131;49m▄\e[38;2;180;162;156;49m▄\e[38;2;169;171;161;49m▄\e[49;38;2;167;152;145m▀\e[49m    \e[38;2;95;73;74;49m▄\e[38;2;85;62;64;48;2;69;53;52m▄\e[38;2;73;54;54;48;2;84;58;58m▄\e[38;2;201;131;70;48;2;79;59;58m▄\e[38;2;143;114;104;48;2;197;130;69m▄\e[38;2;150;122;120;48;2;128;94;82m▄\e[38;2;159;125;119;48;2;152;128;122m▄\e[38;2;170;146;140;48;2;158;134;127m▄\e[38;2;185;170;164;48;2;181;163;155m▄\e[38;2;197;190;184;48;2;194;183;176m▄\e[38;2;206;196;188;48;2;197;189;182m▄\e[38;2;185;170;164;48;2;160;124;118m▄\e[49m         \e[m
\e[49m                \e[38;2;131;123;118;49m▄\e[38;2;99;75;64;48;2;115;85;78m▄\e[38;2;134;96;63;48;2;103;73;55m▄\e[38;2;162;132;109;48;2;155;116;83m▄\e[38;2;135;90;53;48;2;104;84;46m▄\e[38;2;181;163;155;48;2;137;101;91m▄\e[38;2;175;146;128;48;2;192;179;172m▄\e[38;2;157;115;114;48;2;97;76;78m▄\e[38;2;112;81;80;48;2;99;70;55m▄\e[38;2;151;42;40;48;2;99;35;32m▄\e[38;2;91;37;36;48;2;70;42;39m▄\e[38;2;154;139;60;48;2;105;85;52m▄\e[38;2;160;143;60;48;2;175;164;66m▄\e[38;2;174;163;66;48;2;140;124;59m▄\e[38;2;127;100;58;49m▄\e[49m          \e[49;38;2;186;195;182m▀\e[49m     \e[38;2;84;61;63;49m▄\e[38;2;84;58;59;48;2;90;69;67m▄\e[38;2;102;70;55;48;2;85;62;64m▄\e[38;2;133;95;74;48;2;75;54;54m▄\e[38;2;154;131;123;48;2;169;132;74m▄\e[38;2;167;143;138;48;2;161;139;134m▄\e[38;2;184;169;163;48;2;170;146;139m▄\e[38;2;179;168;166;48;2;155;135;130m▄\e[49;38;2;164;140;134m▀\e[49;38;2;142;125;120m▀\e[49m   \e[49;38;2;186;195;182m▀\e[49m         \e[m
\e[49m                \e[38;2;164;163;154;48;2;121;114;109m▄\e[38;2;185;172;157;48;2;196;184;177m▄\e[38;2;194;191;173;48;2;195;184;176m▄\e[38;2;194;192;174;48;2;197;186;179m▄\e[38;2;190;177;170;48;2;182;166;158m▄\e[38;2;198;186;179;48;2;181;163;156m▄\e[38;2;149;108;110;48;2;196;184;177m▄\e[38;2;109;73;55;48;2;130;100;100m▄\e[38;2;160;54;45;48;2;183;65;53m▄\e[38;2;161;51;42;48;2;179;52;42m▄\e[38;2;76;41;34;48;2;71;38;35m▄\e[38;2;165;148;60;48;2;174;164;65m▄\e[38;2;150;134;59;48;2;172;162;60m▄\e[38;2;133;91;55;48;2;145;115;57m▄\e[38;2;133;91;55;48;2;135;102;56m▄\e[49m              \e[38;2;82;61;61;49m▄\e[38;2;78;59;57;48;2;79;63;62m▄\e[38;2;196;122;68;48;2;84;61;63m▄\e[38;2;125;100;101;48;2;171;115;72m▄\e[38;2;150;122;120;48;2;112;94;91m▄\e[38;2;154;134;129;48;2;154;131;123m▄\e[38;2;179;162;157;48;2;170;147;142m▄\e[49;38;2;178;164;161m▀\e[49;38;2;161;165;153m▀\e[49m                \e[m
\e[49m               \e[38;2;112;98;55;49m▄\e[38;2;130;118;94;48;2;155;135;69m▄\e[48;2;196;184;177m \e[38;2;175;137;121;48;2;187;172;157m▄\e[38;2;178;137;123;48;2;196;184;177m▄\e[38;2;100;51;49;48;2;181;157;148m▄\e[38;2;65;46;49;48;2;129;96;94m▄\e[38;2;166;52;42;48;2;171;57;47m▄\e[38;2;161;51;42;48;2;180;53;43m▄\e[38;2;67;41;30;48;2;62;45;44m▄\e[38;2;164;89;71;48;2;94;47;49m▄\e[38;2;169;141;74;48;2;126;77;56m▄\e[38;2;147;103;58;48;2;165;147;62m▄\e[38;2;116;86;47;48;2;85;54;44m▄\e[38;2;170;135;93;48;2;109;85;60m▄\e[38;2;135;99;68;48;2;104;73;60m▄\e[49m           \e[38;2;121;121;113;49m▄\e[38;2;84;62;63;48;2;186;186;177m▄\e[38;2;73;54;54;48;2;80;63;62m▄\e[38;2;203;136;71;48;2;76;54;54m▄\e[38;2;154;134;130;48;2;206;141;72m▄\e[38;2;154;134;130;48;2;142;118;113m▄\e[38;2;150;122;120;48;2;143;120;118m▄\e[38;2;128;111;108;48;2;150;122;120m▄\e[49;38;2;161;138;132m▀\e[49m                   \e[m
\e[49m              \e[38;2;112;102;98;48;2;182;190;178m▄\e[38;2;142;112;55;48;2;122;96;48m▄\e[38;2;167;135;122;48;2;188;181;173m▄\e[38;2;145;103;105;48;2;190;180;172m▄\e[38;2;155;114;113;48;2;165;137;131m▄\e[38;2;155;114;58;48;2;115;90;67m▄\e[38;2;114;76;64;48;2;83;39;39m▄\e[38;2;107;73;56;48;2;112;74;52m▄\e[38;2;134;95;63;48;2;71;34;35m▄\e[38;2;136;96;58;48;2;85;43;44m▄\e[38;2;155;134;67;48;2;120;83;54m▄\e[38;2;111;79;63;48;2;149;103;68m▄\e[38;2;84;59;49;48;2;163;138;79m▄\e[38;2;98;72;63;48;2;146;110;57m▄\e[38;2;109;79;45;48;2;75;54;46m▄\e[38;2;148;103;66;48;2;170;133;97m▄\e[38;2;105;76;48;48;2;118;91;54m▄\e[49m       \e[38;2;160;147;133;49m▄\e[38;2;83;61;61;49m▄\e[38;2;89;69;68;48;2;175;175;167m▄\e[38;2;73;54;54;48;2;85;62;64m▄\e[38;2;156;103;67;48;2;83;59;60m▄\e[38;2;124;94;84;48;2;94;69;57m▄\e[38;2;150;122;120;48;2;164;114;74m▄\e[38;2;164;141;136;48;2;154;131;123m▄\e[38;2;180;166;160;48;2;163;145;134m▄\e[38;2;204;221;187;48;2;172;157;157m▄\e[49;38;2;166;171;160m▀\e[49m                     \e[m
\e[49m               \e[38;2;111;78;51;48;2;147;116;57m▄\e[38;2;134;103;101;48;2;123;92;90m▄\e[38;2;139;91;55;48;2;159;145;60m▄\e[38;2;135;91;55;48;2;137;98;56m▄\e[38;2;117;77;58;48;2;121;85;58m▄\e[38;2;91;68;55;48;2;119;86;72m▄\e[38;2;96;69;63;48;2;92;68;58m▄\e[38;2;92;69;58;48;2;92;70;58m▄\e[38;2;145;110;87;48;2;93;67;58m▄\e[38;2;183;150;103;48;2;102;72;64m▄\e[38;2;169;116;76;48;2;154;107;82m▄\e[38;2;170;131;98;48;2;153;109;86m▄\e[38;2;162;128;80;48;2;167;124;86m▄\e[38;2;101;71;55;48;2;72;51;44m▄\e[38;2;121;88;71;48;2;116;77;54m▄\e[38;2;70;55;44;48;2;147;139;130m▄\e[38;2;165;170;159;49m▄\e[49m     \e[38;2;125;122;116;48;2;159;111;75m▄\e[38;2;218;166;78;48;2;176;118;73m▄\e[38;2;134;110;83;48;2;70;48;50m▄\e[38;2;173;118;70;48;2;176;121;69m▄\e[38;2;127;88;69;48;2;204;137;71m▄\e[38;2;150;122;120;48;2;134;105;102m▄\e[38;2;152;126;121;48;2;151;125;121m▄\e[38;2;153;125;126;48;2;154;134;130m▄\e[49;38;2;167;146;141m▀\e[49m                        \e[m
\e[49m                \e[38;2;156;164;156;48;2;104;74;61m▄\e[38;2;161;147;60;48;2;112;77;52m▄\e[38;2;164;147;60;48;2;114;77;66m▄\e[38;2;183;151;101;48;2;127;94;78m▄\e[38;2;161;143;60;48;2;176;150;94m▄\e[38;2;165;144;87;48;2;179;141;101m▄\e[38;2;152;116;86;48;2;112;80;64m▄\e[38;2;133;99;84;48;2;134;98;78m▄\e[38;2;190;166;122;48;2;150;101;83m▄\e[38;2;195;170;113;48;2;153;124;76m▄\e[38;2;190;165;111;48;2;135;94;75m▄\e[38;2;144;110;67;48;2;138;98;71m▄\e[38;2;124;106;50;48;2;118;87;50m▄\e[38;2;72;51;44;48;2;71;52;49m▄\e[38;2;65;53;55;48;2;55;43;45m▄\e[38;2;56;56;64;48;2;56;55;63m▄\e[38;2;77;39;39;48;2;74;38;38m▄\e[49m \e[38;2;147;137;60;49m▄\e[38;2;145;98;57;49m▄\e[49m \e[38;2;143;136;130;49m▄\e[38;2;107;98;92;48;2;244;232;120m▄\e[38;2;206;141;72;48;2;97;75;56m▄\e[38;2;137;93;57;48;2;155;100;75m▄\e[38;2;111;99;93;48;2;154;138;128m▄\e[38;2;132;113;110;48;2;157;131;123m▄\e[38;2;199;199;199;48;2;165;148;146m▄\e[49m                          \e[m
\e[49m                 \e[49;38;2;125;86;49m▀\e[38;2;120;86;54;48;2;154;133;65m▄\e[38;2;109;77;54;48;2;164;147;59m▄\e[38;2;100;72;44;48;2;165;148;60m▄\e[38;2;75;61;48;48;2;173;164;61m▄\e[38;2;184;54;44;48;2;163;146;60m▄\e[38;2;161;49;41;48;2;113;96;51m▄\e[38;2;158;54;46;48;2;159;123;106m▄\e[38;2;77;39;39;48;2;182;149;102m▄\e[38;2;143;97;78;48;2;156;113;80m▄\e[38;2;128;100;95;48;2;145;91;61m▄\e[38;2;135;102;95;48;2;105;83;48m▄\e[38;2;61;34;31;48;2;71;50;44m▄\e[38;2;55;39;40;48;2;65;53;55m▄\e[38;2;56;54;61;48;2;48;49;52m▄\e[38;2;69;50;49;48;2;56;52;57m▄\e[38;2;115;79;68;48;2;171;152;130m▄\e[38;2;88;65;44;48;2;136;106;56m▄\e[38;2;135;89;55;48;2;125;86;53m▄\e[38;2;139;98;56;48;2;72;56;49m▄\e[38;2;65;48;48;48;2;72;50;44m▄\e[38;2;186;187;178;48;2;102;86;84m▄\e[49;38;2;122;94;74m▀\e[49;38;2;217;146;74m▀\e[38;2;95;69;67;48;2;205;139;71m▄\e[38;2;198;194;189;48;2;196;133;74m▄\e[49m                           \e[m
\e[49m                   \e[38;2;101;81;79;48;2;123;112;106m▄\e[38;2;106;74;61;48;2;158;114;89m▄\e[38;2;150;45;41;48;2;59;51;56m▄\e[38;2;133;42;39;48;2;130;49;43m▄\e[38;2;145;47;42;48;2;177;56;45m▄\e[38;2;164;52;42;48;2;202;70;56m▄\e[38;2;194;62;50;48;2;84;44;45m▄\e[38;2;67;41;40;48;2;78;38;36m▄\e[38;2;87;41;41;48;2;159;122;114m▄\e[38;2;136;55;50;48;2;132;94;86m▄\e[38;2;72;48;42;48;2;76;40;39m▄\e[38;2;61;33;30;48;2;69;38;35m▄\e[38;2;125;88;83;48;2;109;82;78m▄\e[38;2;159;147;66;48;2;119;86;70m▄\e[38;2;146;97;57;48;2;165;148;60m▄\e[38;2;133;91;55;48;2;142;91;56m▄\e[38;2;115;76;54;48;2;142;95;56m▄\e[38;2;127;88;54;48;2;121;86;54m▄\e[49;38;2;150;150;141m▀\e[49m                                \e[m
\e[49m                 \e[38;2;155;49;41;49m▄\e[38;2;87;68;67;48;2;166;164;153m▄\e[38;2;163;52;42;48;2;152;68;60m▄\e[38;2;115;51;50;48;2;75;40;40m▄\e[38;2;75;40;40;48;2;60;36;35m▄\e[38;2;91;42;43;48;2;96;46;48m▄\e[38;2;92;45;46;48;2;106;49;45m▄\e[38;2;100;48;50;48;2;71;47;49m▄\e[38;2;107;48;49;48;2;102;47;43m▄\e[38;2;99;43;43;48;2;62;35;36m▄\e[38;2;195;71;56;48;2;156;51;43m▄\e[38;2;105;41;40;48;2;148;45;41m▄\e[38;2;125;88;52;48;2;109;38;36m▄\e[38;2;166;141;72;48;2;98;60;45m▄\e[38;2;102;71;46;48;2;164;119;72m▄\e[38;2;156;147;63;48;2;70;52;50m▄\e[38;2;66;44;41;48;2;129;88;51m▄\e[38;2;70;45;41;48;2;114;75;51m▄\e[38;2;155;160;149;48;2;108;80;45m▄\e[49;38;2;187;195;182m▀\e[49m                                 \e[m
\e[49m             \e[38;2;167;168;156;49m▄\e[38;2;110;43;41;48;2;140;41;39m▄\e[38;2;164;52;42;48;2;159;50;41m▄\e[38;2;152;58;49;48;2;131;47;46m▄\e[38;2;164;52;42;48;2;89;69;68m▄\e[38;2;164;52;42;48;2;128;47;42m▄\e[38;2;148;49;42;48;2;164;52;42m▄\e[38;2;142;53;47;48;2;157;53;45m▄\e[38;2;136;55;51;48;2;86;42;42m▄\e[38;2;72;39;39;48;2;71;45;48m▄\e[38;2;69;45;48;48;2;69;44;47m▄\e[38;2;87;50;51;48;2;85;44;45m▄\e[38;2;88;48;47;48;2;101;42;42m▄\e[38;2;52;38;39;48;2;75;43;45m▄\e[38;2;119;84;77;48;2;109;43;41m▄\e[38;2;111;73;52;48;2;99;45;47m▄\e[38;2;148;104;62;48;2;124;87;54m▄\e[38;2;156;146;63;48;2;153;132;62m▄\e[38;2;108;77;46;48;2;165;148;60m▄\e[38;2;61;39;40;48;2;145;119;58m▄\e[38;2;87;47;44;48;2;72;51;44m▄\e[38;2;73;41;41;48;2;85;54;44m▄\e[38;2;196;79;58;48;2;93;42;42m▄\e[38;2;164;52;42;48;2;98;46;48m▄\e[38;2;71;40;41;49m▄\e[38;2;146;144;136;49m▄\e[49m                               \e[m
\e[49m            \e[38;2;56;56;64;49m▄\e[38;2;55;38;38;48;2;131;130;122m▄\e[38;2;141;49;43;48;2;121;41;37m▄\e[38;2;164;52;42;48;2;126;54;51m▄\e[38;2;164;52;42;48;2;80;35;35m▄\e[38;2;145;49;43;48;2;152;50;43m▄\e[38;2;152;50;43;48;2;143;51;45m▄\e[38;2;149;49;43;48;2;143;49;43m▄\e[38;2;142;55;50;48;2;65;46;43m▄\e[38;2;72;39;39;48;2;100;48;49m▄\e[38;2;57;30;30;48;2;69;44;47m▄\e[38;2;70;44;47;48;2;72;44;46m▄\e[38;2;72;47;43;48;2;85;54;54m▄\e[38;2;111;99;73;48;2;87;50;45m▄\e[38;2;136;120;117;48;2;80;54;49m▄\e[38;2;94;78;80;48;2;83;59;53m▄\e[38;2;55;40;40;48;2;88;61;53m▄\e[38;2;87;56;45;48;2;146;131;61m▄\e[38;2;88;46;47;48;2;87;66;44m▄\e[38;2;73;39;39;48;2;55;37;39m▄\e[38;2;55;39;40;48;2;61;39;39m▄\e[38;2;62;39;39;48;2;111;40;38m▄\e[38;2;84;32;31;48;2;102;42;42m▄\e[38;2;119;42;40;48;2;163;51;42m▄\e[38;2;152;49;42;48;2;168;53;43m▄\e[38;2;179;55;45;48;2;148;49;42m▄\e[38;2;162;51;42;48;2;110;45;45m▄\e[38;2;119;41;39;48;2;89;62;61m▄\e[49m                              \e[m
\e[49m           \e[38;2;65;42;42;48;2;104;105;103m▄\e[48;2;56;56;64m \e[38;2;53;38;39;48;2;55;39;40m▄\e[38;2;58;34;36;48;2;146;41;39m▄\e[38;2;104;44;44;48;2;154;48;42m▄\e[38;2;152;50;43;48;2;164;52;42m▄\e[38;2;161;51;42;48;2;164;52;42m▄\e[38;2;106;49;49;48;2;70;52;50m▄\e[38;2;93;43;44;48;2;134;48;43m▄\e[38;2;130;45;45;48;2;101;46;45m▄\e[38;2;56;36;38;48;2;85;40;41m▄\e[48;2;55;39;40m \e[38;2;73;41;42;48;2;72;42;44m▄\e[38;2;179;118;70;48;2;207;144;73m▄\e[38;2;87;50;46;48;2;99;78;80m▄\e[38;2;185;122;73;48;2;100;84;82m▄\e[38;2;111;49;50;48;2;86;80;76m▄\e[38;2;118;52;50;48;2;91;47;48m▄\e[38;2;94;45;47;48;2;138;55;50m▄\e[38;2;106;39;37;48;2;145;52;46m▄\e[38;2;107;44;43;48;2;87;41;41m▄\e[38;2;53;38;39;48;2;55;39;40m▄\e[38;2;53;53;59;48;2;56;56;64m▄\e[38;2;54;40;41;48;2;55;39;40m▄\e[38;2;55;39;40;48;2;73;32;31m▄\e[38;2;75;34;32;48;2;123;42;39m▄\e[38;2;114;39;36;48;2;117;43;40m▄\e[38;2;55;39;39;48;2;146;41;39m▄\e[38;2;54;43;46;48;2;55;32;30m▄\e[38;2;51;38;38;49m▄\e[38;2;98;98;96;49m▄\e[38;2;133;52;48;49m▄\e[49m                           \e[m
\e[49m          \e[38;2;148;49;43;48;2;123;54;50m▄\e[38;2;158;51;42;48;2;62;43;45m▄\e[38;2;53;38;39;48;2;56;56;64m▄\e[38;2;51;38;38;48;2;46;39;40m▄\e[48;2;56;56;64m \e[38;2;57;52;56;48;2;114;40;38m▄\e[38;2;130;40;38;48;2;127;42;39m▄\e[38;2;146;41;39;48;2;113;45;45m▄\e[38;2;148;43;40;48;2;136;49;43m▄\e[38;2;146;41;39;48;2;195;66;53m▄\e[38;2;55;39;40;48;2;129;42;39m▄\e[38;2;56;52;57;48;2;55;39;40m▄\e[48;2;55;39;40m \e[38;2;55;39;39;48;2;64;37;37m▄\e[38;2;61;39;39;48;2;85;40;40m▄\e[38;2;55;39;40;48;2;81;60;57m▄\e[38;2;65;39;39;48;2;118;41;38m▄\e[38;2;60;34;35;48;2;146;41;39m▄\e[38;2;58;31;33;48;2;146;41;39m▄\e[38;2;53;38;39;48;2;158;46;41m▄\e[38;2;55;39;40;48;2;72;35;35m▄\e[38;2;55;50;55;48;2;55;39;39m▄\e[38;2;56;52;58;48;2;56;56;64m▄\e[38;2;56;52;57;48;2;56;56;64m▄▄\e[38;2;53;50;55;48;2;52;44;48m▄\e[38;2;49;37;38;48;2;55;39;40m▄\e[38;2;107;51;51;48;2;54;39;41m▄\e[38;2;145;54;48;48;2;56;55;63m▄\e[38;2;81;38;37;48;2;55;39;40m▄\e[38;2;56;38;39;48;2;43;34;33m▄\e[38;2;101;43;43;48;2;54;46;50m▄\e[38;2;101;50;51;48;2;80;40;40m▄\e[49m                           \e[m
\e[49m         \e[38;2;55;55;57;49m▄\e[38;2;142;49;43;48;2;164;52;42m▄\e[38;2;177;60;50;48;2;164;52;42m▄\e[38;2;84;40;40;48;2;164;52;42m▄\e[38;2;101;45;45;48;2;95;42;42m▄\e[38;2;56;34;35;48;2;55;39;40m▄\e[38;2;45;36;36;48;2;55;50;56m▄\e[38;2;39;30;31;48;2;55;38;39m▄\e[38;2;53;38;38;48;2;69;30;30m▄\e[38;2;55;39;39;48;2;146;41;39m▄\e[38;2;65;46;49;48;2;57;30;31m▄\e[38;2;56;56;64;48;2;52;38;39m▄\e[38;2;56;56;64;48;2;48;40;42m▄\e[38;2;56;56;64;48;2;56;54;60m▄\e[38;2;54;44;48;48;2;56;52;57m▄\e[38;2;49;37;38;48;2;54;45;49m▄\e[38;2;55;50;55;48;2;55;39;40m▄\e[38;2;45;37;38;48;2;54;39;41m▄\e[38;2;54;43;47;48;2;54;42;44m▄\e[38;2;54;45;49;48;2;54;42;44m▄\e[38;2;54;45;49;48;2;54;42;45m▄\e[38;2;54;45;49;48;2;48;39;40m▄\e[38;2;54;45;49;48;2;44;36;36m▄\e[38;2;54;44;48;48;2;49;37;38m▄\e[38;2;54;43;47;48;2;46;36;37m▄\e[38;2;54;43;47;48;2;53;41;44m▄\e[38;2;54;40;42;48;2;54;45;49m▄\e[38;2;49;38;39;48;2;55;39;40m▄\e[38;2;57;46;46;48;2;127;46;41m▄\e[38;2;105;50;45;48;2;119;48;44m▄\e[38;2;102;49;49;48;2;102;46;43m▄\e[38;2;99;47;48;48;2;101;50;46m▄\e[38;2;90;46;48;48;2;100;48;49m▄\e[49;38;2;87;42;43m▀\e[49m                           \e[m
\e[49m        \e[38;2;158;72;66;48;2;117;112;105m▄\e[38;2;55;55;63;48;2;39;31;33m▄\e[38;2;42;33;30;48;2;85;40;40m▄\e[38;2;101;50;51;48;2;87;41;41m▄\e[48;2;101;50;51m \e[48;2;90;46;48m  \e[38;2;86;42;44;48;2;97;45;47m▄\e[38;2;55;39;40;48;2;87;44;46m▄\e[38;2;55;39;40;48;2;54;48;52m▄\e[38;2;54;44;48;48;2;54;45;49m▄\e[38;2;41;33;34;48;2;56;52;57m▄\e[38;2;133;135;126;48;2;56;55;63m▄\e[49;38;2;53;39;41m▀\e[49;38;2;54;45;49m▀\e[49;38;2;58;55;57m▀\e[49m          \e[38;2;44;41;43;48;2;36;26;26m▄\e[38;2;55;52;58;48;2;43;38;39m▄\e[38;2;95;50;51;48;2;37;29;28m▄\e[38;2;49;37;38;48;2;41;33;30m▄\e[38;2;54;42;44;48;2;41;33;30m▄\e[38;2;54;42;45;48;2;41;33;30m▄\e[38;2;105;83;80;48;2;56;31;31m▄\e[49m                             \e[m
\e[49m       \e[38;2;178;63;52;48;2;163;157;152m▄\e[38;2;63;44;42;48;2;143;55;50m▄\e[38;2;165;66;57;48;2;181;81;68m▄\e[38;2;136;55;51;48;2;53;39;41m▄\e[38;2;87;50;51;48;2;43;33;34m▄\e[38;2;89;47;49;48;2;39;33;33m▄\e[38;2;54;38;39;48;2;46;34;34m▄\e[38;2;66;60;59;48;2;60;56;53m▄\e[38;2;45;44;46;48;2;46;38;38m▄\e[49;38;2;43;34;37m▀\e[49m                \e[38;2;107;107;102;49m▄\e[38;2;198;197;190;48;2;45;44;48m▄\e[38;2;56;44;47;48;2;55;50;54m▄\e[38;2;150;56;50;48;2;128;54;51m▄\e[38;2;83;42;44;48;2;76;39;38m▄\e[38;2;85;55;55;48;2;92;63;63m▄\e[38;2;90;46;48;48;2;88;49;50m▄\e[49;38;2;196;203;183m▀\e[49m                             \e[m
\e[49m      \e[38;2;75;36;36;48;2;104;104;99m▄\e[38;2;69;46;44;48;2;98;44;45m▄\e[38;2;157;50;42;48;2;139;48;44m▄\e[38;2;130;45;41;48;2;150;55;49m▄\e[38;2;90;46;48;48;2;80;41;41m▄\e[38;2;58;36;37;48;2;92;53;53m▄\e[49;38;2;54;41;43m▀\e[49m \e[38;2;41;33;30;48;2;74;69;66m▄\e[49m                   \e[38;2;47;44;47;49m▄\e[38;2;91;41;40;48;2;62;44;47m▄\e[38;2;151;50;42;48;2;155;53;46m▄\e[38;2;99;46;48;48;2;88;44;45m▄\e[38;2;99;46;48;48;2;101;50;51m▄\e[38;2;108;86;78;48;2;90;46;48m▄\e[49m                              \e[m
\e[49m      \e[38;2;114;81;54;48;2;47;48;51m▄\e[38;2;56;46;41;48;2;152;50;43m▄\e[38;2;51;48;52;48;2;142;49;43m▄\e[38;2;54;41;35;48;2;85;40;40m▄\e[49;38;2;89;44;46m▀\e[49m   \e[38;2;77;74;70;48;2;42;34;33m▄\e[49m                   \e[38;2;129;106;95;48;2;66;66;67m▄\e[38;2;55;48;52;48;2;123;43;40m▄\e[38;2;55;39;40;48;2;130;50;43m▄\e[38;2;54;40;42;48;2;86;44;41m▄\e[38;2;53;42;42;48;2;87;41;41m▄\e[49;38;2;115;106;102m▀\e[49m                              \e[m
\e[49m    \e[38;2;169;171;160;49m▄\e[38;2;138;128;62;48;2;118;83;72m▄\e[48;2;138;128;62m \e[38;2;126;112;62;48;2;128;114;59m▄\e[38;2;100;74;48;48;2;124;88;84m▄\e[38;2;116;84;71;48;2;93;88;83m▄\e[49m                       \e[38;2;65;48;48;49m▄\e[38;2;121;103;92;48;2;99;67;51m▄\e[38;2;58;52;55;48;2;74;60;57m▄\e[38;2;134;117;59;48;2;110;79;50m▄\e[38;2;137;126;62;48;2;120;86;54m▄\e[38;2;126;112;58;48;2;125;112;61m▄\e[38;2;91;70;55;48;2;105;81;65m▄\e[38;2;102;72;53;49m▄\e[38;2;186;194;182;49m▄\e[49m                            \e[m
\e[49m   \e[38;2;86;62;61;49m▄\e[38;2;137;125;61;48;2;127;107;88m▄\e[38;2;130;102;56;48;2;135;123;61m▄\e[38;2;88;75;72;48;2;136;121;63m▄\e[38;2;96;69;64;48;2;115;93;55m▄\e[38;2;116;79;54;48;2;120;87;54m▄\e[38;2;137;115;106;48;2;99;72;65m▄\e[49m                       \e[49;38;2;99;72;58m▀\e[38;2;90;63;53;48;2;134;113;95m▄\e[38;2;101;72;61;48;2;133;92;71m▄\e[38;2;118;87;77;48;2;147;129;116m▄\e[38;2;132;95;55;48;2;116;86;50m▄\e[38;2;135;120;62;48;2;115;102;54m▄\e[38;2;97;81;49;48;2;76;64;57m▄\e[38;2;100;84;47;48;2;83;63;46m▄\e[38;2;93;81;47;48;2;103;72;55m▄\e[38;2;69;50;48;48;2;88;71;51m▄\e[38;2;104;104;99;49m▄\e[49m                          \e[m
\e[49m  \e[38;2;181;188;176;49m▄\e[38;2;77;66;43;48;2;132;116;59m▄\e[38;2;93;73;44;48;2;123;90;54m▄\e[38;2;90;76;46;48;2;117;85;55m▄\e[38;2;119;83;54;48;2;137;122;65m▄\e[38;2;98;75;47;48;2;138;128;64m▄\e[38;2;115;93;57;48;2;136;120;64m▄\e[38;2;69;50;44;48;2;72;53;52m▄\e[49m                          \e[49;38;2;103;77;55m▀\e[49;38;2;92;68;55m▀\e[38;2;89;69;58;48;2;61;48;44m▄\e[38;2;95;66;55;48;2;122;95;63m▄\e[38;2;73;54;54;48;2;114;77;68m▄\e[38;2;91;77;75;48;2;66;52;48m▄\e[49;38;2;73;54;54m▀\e[49m                           \e[m
\e[49m  \e[49;38;2;94;90;84m▀\e[38;2;112;110;105;48;2;81;60;54m▄\e[38;2;73;54;54;48;2;103;78;57m▄\e[38;2;73;54;54;48;2;101;75;54m▄\e[38;2;73;62;59;48;2;104;78;54m▄\e[38;2;73;54;54;48;2;78;54;50m▄\e[38;2;73;54;54;48;2;93;70;52m▄\e[49;38;2;157;155;147m▀\e[49m                                                            \e[m
";