\e[49m                                                                      \e[m
\e[49m                                                                      \e[m
\e[49m                                                                      \e[m
\e[49m                                                                      \e[m
\e[49m                                                                      \e[m
\e[49m                        \e[38;2;199;196;190;49m▄\e[38;2;205;200;197;48;2;141;145;137m▄\e[38;2;198;193;187;49m▄\e[38;2;171;171;162;49m▄\e[49m                                     \e[38;2;188;194;181;49m▄\e[38;2;189;189;180;48;2;197;205;189m▄\e[49m   \e[m
\e[49m                     \e[38;2;199;195;189;49m▄\e[38;2;199;195;189;48;2;192;187;182m▄\e[38;2;179;158;150;48;2;199;195;189m▄\e[38;2;159;127;125;48;2;199;195;189m▄\e[38;2;144;121;121;48;2;199;195;189m▄\e[38;2;151;123;122;48;2;199;195;189m▄\e[38;2;158;126;128;48;2;196;184;177m▄\e[38;2;181;165;159;48;2;177;159;152m▄\e[38;2;182;164;155;49m▄\e[49m                                  \e[38;2;157;157;146;49m▄\e[48;2;196;184;177m \e[38;2;189;196;185;48;2;200;197;190m▄\e[49m   \e[m
\e[49m                    \e[38;2;167;134;128;48;2;137;132;125m▄\e[38;2;141;107;106;48;2;196;189;183m▄\e[38;2;183;165;158;48;2;154;118;119m▄\e[38;2;197;188;181;48;2;198;192;186m▄\e[38;2;199;195;189;48;2;197;187;181m▄\e[38;2;199;195;189;48;2;200;197;191m▄\e[38;2;199;195;189;48;2;202;196;192m▄\e[38;2;199;195;189;48;2;172;149;142m▄\e[38;2;198;193;186;48;2;153;125;127m▄\e[48;2;154;126;128m \e[38;2;154;126;128;48;2;170;146;140m▄\e[38;2;148;122;120;49m▄\e[49m                               \e[38;2;124;97;99;49m▄\e[48;2;181;163;155m \e[38;2;185;171;164;48;2;185;180;172m▄\e[38;2;197;197;180;48;2;213;205;205m▄\e[49m   \e[m
\e[49m                   \e[38;2;168;172;160;49m▄\e[38;2;57;50;51;48;2;139;96;62m▄\e[38;2;140;106;105;48;2;118;87;84m▄\e[38;2;130;129;119;48;2;147;103;104m▄\e[49;38;2;131;92;95m▀\e[49;38;2;110;107;101m▀\e[49;38;2;186;194;182m▀\e[49;38;2;186;192;180m▀\e[49;38;2;146;125;122m▀\e[38;2;165;167;157;48;2;170;146;140m▄\e[38;2;163;132;127;48;2;192;179;172m▄\e[38;2;144;124;122;48;2;161;139;134m▄\e[38;2;143;117;117;48;2;154;126;128m▄\e[38;2;163;134;133;48;2;179;179;171m▄\e[49m                            \e[38;2;179;129;73;49m▄\e[38;2;130;103;103;48;2;174;174;174m▄\e[38;2;175;154;146;48;2;171;157;136m▄\e[38;2;181;163;156;48;2;173;160;143m▄\e[38;2;194;187;180;48;2;185;170;164m▄\e[49m    \e[m
\e[49m                 \e[38;2;171;157;64;48;2;107;79;61m▄\e[38;2;175;164;66;48;2;175;164;67m▄\e[38;2;156;147;63;48;2;173;164;61m▄\e[38;2;120;93;54;48;2;172;158;65m▄\e[38;2;130;100;54;48;2;117;106;77m▄\e[38;2;147;114;67;48;2;135;134;126m▄\e[49m       \e[38;2;156;144;144;48;2;170;146;140m▄\e[49;38;2;138;122;118m▀\e[38;2;153;125;126;48;2;141;120;118m▄\e[38;2;159;134;128;48;2;160;161;152m▄\e[49m                          \e[38;2;69;45;48;48;2;176;118;73m▄\e[38;2;238;200;87;48;2;204;138;71m▄\e[38;2;170;148;142;48;2;143;115;113m▄\e[38;2;186;180;172;48;2;181;163;155m▄\e[38;2;210;203;202;48;2;194;183;176m▄\e[38;2;211;204;204;48;2;208;202;200m▄\e[49m    \e[m
\e[49m               \e[49;38;2;186;195;182m▀\e[38;2;164;163;152;48;2;101;77;46m▄\e[38;2;101;75;53;48;2;176;165;69m▄\e[38;2;236;159;147;48;2;179;165;69m▄\e[38;2;196;83;59;48;2;154;107;92m▄\e[38;2;158;140;60;48;2;162;151;62m▄\e[38;2;138;119;59;48;2;105;73;45m▄\e[38;2;117;45;45;48;2;115;42;41m▄\e[38;2;218;89;67;49m▄\e[38;2;125;48;43;49m▄\e[49m      \e[38;2;156;139;148;48;2;164;172;156m▄\e[49;38;2;163;159;152m▀\e[38;2;168;144;138;48;2;155;128;128m▄\e[49m                        \e[38;2;83;60;62;49m▄\e[38;2;86;65;65;48;2;86;66;65m▄\e[38;2;75;54;54;48;2;73;54;54m▄\e[38;2;188;122;67;48;2;229;174;79m▄\e[38;2;183;166;159;48;2;179;160;152m▄\e[38;2;184;169;163;48;2;197;189;183m▄\e[38;2;200;196;190;48;2;212;204;205m▄\e[49;38;2;189;193;185m▀\e[49m    \e[m
\e[49m                \e[38;2;164;124;108;48;2;181;165;159m▄\e[38;2;116;95;85;48;2;120;101;53m▄\e[38;2;96;67;50;48;2;168;141;76m▄\e[38;2;173;130;111;48;2;150;117;68m▄\e[38;2;130;96;73;48;2;120;86;56m▄\e[38;2;168;133;127;48;2;114;85;67m▄\e[38;2;103;72;54;48;2;158;147;64m▄\e[38;2;118;45;43;48;2;88;43;43m▄\e[38;2;167;52;42;48;2;74;39;39m▄\e[38;2;77;39;39;49m▄\e[38;2;112;102;92;49m▄\e[49m    \e[49;38;2;189;189;180m▀\e[49m \e[38;2;183;167;161;48;2;171;152;149m▄\e[38;2;189;195;184;48;2;173;179;168m▄\e[49m                    \e[38;2;205;211;192;49m▄\e[38;2;89;69;68;49m▄\e[38;2;86;64;65;48;2;85;62;64m▄\e[38;2;81;59;59;48;2;84;61;63m▄\e[38;2;73;54;54;48;2;83;57;58m▄\e[38;2;216;166;78;48;2;173;145;75m▄\e[38;2;159;132;127;48;2;119;91;81m▄\e[38;2;177;158;148;48;2;164;134;124m▄\e[38;2;195;183;176;48;2;185;170;164m▄\e[49;38;2;202;199;194m▀\e[49m     \e[m
\e[49m               \e[38;2;176;51;42;49m▄\e[38;2;173;150;144;48;2;170;147;129m▄\e[38;2;196;184;177;48;2;147;103;58m▄\e[38;2;196;186;179;48;2;134;90;64m▄\e[38;2;166;126;120;48;2;158;135;64m▄\e[38;2;173;140;131;48;2;185;170;164m▄\e[38;2;187;173;167;48;2;172;147;140m▄\e[38;2;101;78;80;48;2;157;116;113m▄\e[38;2;119;65;60;48;2;87;55;45m▄\e[38;2;146;41;39;48;2;79;37;37m▄\e[38;2;118;98;46;48;2;114;75;52m▄\e[38;2;165;148;60;48;2;167;153;60m▄\e[38;2;170;158;60;48;2;171;159;62m▄\e[38;2;165;147;60;49m▄\e[49m    \e[38;2;179;169;166;48;2;185;178;170m▄\e[49m                   \e[38;2;73;63;59;49m▄\e[38;2;85;62;64;48;2;148;151;141m▄\e[38;2;78;61;58;48;2;84;59;60m▄\e[38;2;88;67;67;48;2;96;71;68m▄\e[38;2;83;55;55;48;2;97;72;68m▄\e[38;2;69;45;48;48;2;85;63;64m▄\e[38;2;199;127;69;48;2;78;54;54m▄\e[38;2;154;131;123;48;2;179;118;72m▄\e[38;2;171;155;137;48;2;175;154;147m▄\e[38;2;196;184;177;48;2;182;166;158m▄\e[38;2;210;203;202;48;2;192;180;173m▄\e[49m      \e[m
\e[49m              \e[38;2;110;95;64;49m▄\e[38;2;103;73;60;48;2;114;48;44m▄\e[38;2;196;184;177;48;2;184;168;162m▄\e[38;2;184;169;155;48;2;196;184;177m▄\e[48;2;196;184;177m \e[38;2;173;149;142;48;2;188;169;158m▄\e[38;2;108;81;82;48;2;175;148;143m▄\e[38;2;113;74;55;48;2;140;101;101m▄\e[38;2;91;44;45;48;2;90;69;67m▄\e[38;2;174;54;44;48;2;196;68;55m▄\e[38;2;131;46;45;48;2;72;36;35m▄\e[38;2;165;148;60;48;2;155;134;67m▄\e[38;2;144;126;60;48;2;169;157;60m▄\e[38;2;138;95;56;48;2;156;139;60m▄\e[38;2;125;87;54;48;2;138;98;55m▄\e[49m   \e[38;2;168;160;156;49m▄\e[49;38;2;153;132;130m▀\e[49m                \e[38;2;122;116;110;49m▄\e[38;2;78;63;61;49m▄\e[38;2;84;60;61;48;2;76;57;57m▄\e[38;2;78;57;58;48;2;82;62;63m▄\e[38;2;70;48;50;48;2;73;54;54m▄\e[38;2;205;165;81;48;2;84;60;61m▄\e[38;2;163;117;80;48;2;67;45;47m▄\e[38;2;147;101;73;48;2;54;43;46m▄\e[38;2;139;111;104;48;2;157;105;63m▄\e[38;2;133;101;100;48;2;101;83;77m▄\e[48;2;164;133;123m \e[38;2;182;165;157;48;2;178;159;151m▄\e[38;2;204;199;195;48;2;197;190;184m▄\e[49m       \e[m
\e[49m            \e[38;2;132;114;58;49m▄\e[38;2;176;165;69;48;2;161;144;59m▄\e[38;2;187;163;101;48;2;152;131;66m▄\e[38;2;198;192;186;48;2;147;133;112m▄\e[38;2;191;179;172;48;2;196;184;177m▄\e[38;2;190;153;144;48;2;175;154;140m▄\e[38;2;89;49;50;48;2;179;141;128m▄\e[38;2;93;46;48;48;2;127;48;48m▄\e[48;2;93;41;41m \e[38;2;172;52;42;48;2;217;82;63m▄\e[38;2;97;42;42;48;2;141;41;39m▄\e[38;2;162;94;72;48;2;86;51;52m▄\e[38;2;166;137;73;48;2;77;44;40m▄\e[38;2;147;103;58;48;2;165;147;60m▄\e[38;2;104;74;45;48;2;96;65;45m▄\e[38;2;170;138;87;48;2;125;86;63m▄\e[38;2;140;101;70;48;2;112;77;68m▄\e[49m  \e[38;2;175;157;149;49m▄\e[49;38;2;153;125;126m▀\e[49m              \e[38;2;83;61;63;49m▄\e[38;2;85;62;64;48;2;156;162;150m▄\e[38;2;83;59;59;48;2;101;76;74m▄\e[38;2;95;63;55;48;2;85;62;64m▄\e[38;2;194;140;75;48;2;73;54;54m▄\e[38;2;133;109;106;48;2;106;72;55m▄\e[38;2;154;131;123;48;2;205;140;71m▄\e[38;2;155;130;122;48;2;121;91;86m▄\e[38;2;152;127;121;48;2;155;121;118m▄\e[38;2;168;143;136;48;2;161;124;118m▄\e[38;2;181;163;155;48;2;170;146;140m▄\e[38;2;189;181;173;48;2;188;181;173m▄\e[38;2;197;188;181;48;2;192;182;175m▄\e[38;2;150;122;120;48;2;154;131;123m▄\e[38;2;199;195;189;48;2;182;165;157m▄\e[49m        \e[m
\e[49m            \e[38;2;88;66;44;48;2;147;128;59m▄\e[38;2;166;122;64;48;2;196;171;113m▄\e[38;2;165;149;60;48;2;169;156;62m▄\e[38;2;141;102;99;48;2;181;163;156m▄\e[38;2;133;90;55;48;2;138;102;102m▄\e[38;2;116;80;69;48;2;148;109;108m▄\e[38;2;99;72;66;48;2;83;58;47m▄\e[38;2;104;73;58;48;2;95;64;50m▄\e[38;2;134;95;63;48;2;112;74;55m▄\e[38;2;152;118;70;48;2;81;37;38m▄\e[38;2;126;109;64;48;2;112;80;50m▄\e[38;2;88;60;48;48;2;159;118;71m▄\e[38;2;91;68;55;48;2;171;144;78m▄\e[38;2;75;53;47;48;2;150;125;58m▄\e[38;2;124;87;71;48;2;121;95;70m▄\e[38;2;150;105;70;48;2;171;139;87m▄\e[38;2;79;65;43;48;2;108;75;46m▄\e[49m \e[49;38;2;162;155;148m▀\e[49m            \e[38;2;111;111;104;49m▄\e[38;2;83;57;57;49m▄\e[38;2;81;58;57;48;2;71;54;54m▄\e[38;2;78;54;54;48;2;82;61;61m▄\e[38;2;192;120;67;48;2;79;57;58m▄\e[38;2;118;101;98;48;2;82;57;55m▄\e[38;2;150;122;120;48;2;175;117;70m▄\e[38;2;165;142;137;48;2;128;108;102m▄\e[38;2;170;146;140;48;2;154;131;123m▄\e[38;2;178;164;161;48;2;167;145;140m▄\e[38;2;187;173;167;48;2;177;161;157m▄\e[38;2;156;156;139;48;2;158;135;128m▄\e[49;38;2;166;143;137m▀\e[49;38;2;175;157;152m▀\e[49;38;2;172;155;150m▀\e[49;38;2;167;155;151m▀\e[49;38;2;203;198;193m▀\e[38;2;205;197;197;48;2;171;154;149m▄\e[49m         \e[m
\e[49m            \e[49;38;2;163;164;154m▀\e[38;2;107;76;47;48;2;106;73;51m▄\e[38;2;94;68;44;48;2;138;90;51m▄\e[38;2;109;77;61;48;2;107;76;65m▄\e[38;2;165;148;82;48;2;115;76;57m▄\e[38;2;159;139;73;48;2;89;64;57m▄\e[38;2;175;137;100;48;2;102;79;70m▄\e[38;2;125;91;85;48;2;86;60;59m▄\e[38;2;109;79;61;48;2;119;96;80m▄\e[38;2;149;104;84;48;2;118;81;67m▄\e[38;2;183;150;103;48;2;169;134;94m▄\e[38;2;174;136;100;48;2;169;125;87m▄\e[38;2;171;128;91;48;2;157;120;89m▄\e[38;2;152;118;70;48;2;168;118;74m▄\e[38;2;109;78;63;48;2;95;69;55m▄\e[38;2;109;77;58;48;2;132;90;54m▄\e[38;2;88;63;61;48;2;137;134;125m▄\e[49m        \e[38;2;152;155;144;49m▄\e[38;2;106;98;94;49m▄\e[38;2;86;64;65;49m▄\e[38;2;81;62;61;49m▄\e[38;2;79;60;58;48;2;178;182;165m▄\e[38;2;75;56;54;48;2;83;60;61m▄\e[38;2;206;141;72;48;2;83;59;60m▄\e[38;2;113;92;85;48;2;78;57;54m▄\e[38;2;154;135;131;48;2;206;141;72m▄\e[38;2;150;122;120;48;2;118;94;93m▄\e[48;2;150;122;120m \e[38;2;154;131;123;48;2;150;122;120m▄\e[38;2;138;123;121;48;2;154;133;127m▄\e[49;38;2;171;150;146m▀\e[49;38;2;148;132;128m▀\e[49m                  \e[m
\e[49m             \e[49;38;2;111;98;90m▀\e[38;2;133;94;50;48;2;159;142;60m▄\e[38;2;148;113;57;48;2;172;150;74m▄\e[38;2;121;88;53;48;2;155;134;67m▄\e[38;2;174;164;64;48;2;153;135;60m▄\e[38;2;165;149;60;48;2;143;116;87m▄\e[38;2;136;125;60;48;2;116;88;81m▄\e[38;2;110;79;64;48;2;138;104;79m▄\e[38;2;115;84;71;48;2;154;116;87m▄\e[38;2;186;154;115;48;2;169;100;86m▄\e[38;2;173;144;97;48;2;157;108;79m▄\e[38;2;185;155;106;48;2;139;91;71m▄\e[38;2;171;135;99;48;2;153;119;85m▄\e[38;2;55;35;30;48;2;79;66;60m▄\e[38;2;68;51;50;48;2;61;47;46m▄\e[38;2;70;51;46;48;2;54;46;50m▄\e[38;2;56;56;64;48;2;46;44;47m▄\e[38;2;81;36;37;49m▄\e[49m    \e[38;2;157;154;138;48;2;126;112;102m▄\e[38;2;215;147;74;48;2;193;122;68m▄\e[38;2;195;133;72;48;2;73;54;54m▄\e[38;2;206;141;72;48;2;73;54;54m▄\e[38;2;192;124;67;48;2;74;54;54m▄\e[38;2;112;90;75;48;2;73;54;54m▄\e[38;2;154;131;123;48;2;206;141;72m▄\e[38;2;154;131;123;48;2;123;94;86m▄\e[38;2;154;135;131;48;2;151;124;120m▄\e[38;2;173;159;159;48;2;154;134;130m▄\e[38;2;137;131;123;48;2;165;144;141m▄\e[49;38;2;170;153;150m▀\e[49;38;2;128;112;111m▀\e[49m                      \e[m
\e[49m              \e[49;38;2;86;67;62m▀\e[38;2;200;195;190;48;2;130;90;54m▄\e[38;2;151;106;84;48;2;132;94;54m▄\e[38;2;56;54;60;48;2;141;118;57m▄\e[38;2;143;49;42;48;2;194;62;49m▄\e[38;2;194;62;50;48;2;169;51;42m▄\e[38;2;204;71;56;48;2;158;57;49m▄\e[38;2;94;45;44;48;2;100;59;54m▄\e[38;2;80;34;33;48;2;186;163;124m▄\e[38;2;174;136;100;48;2;195;170;113m▄\e[38;2;164;126;93;48;2;190;163;110m▄\e[38;2;123;87;58;48;2;171;124;85m▄\e[38;2;80;57;49;48;2;62;39;31m▄\e[38;2;55;36;32;48;2;67;49;44m▄\e[38;2;56;55;63;48;2;56;52;56m▄\e[38;2;57;48;47;48;2;56;56;64m▄\e[38;2;103;79;78;48;2;92;41;41m▄\e[38;2;153;120;83;49m▄\e[38;2;138;89;47;48;2;142;130;112m▄\e[38;2;105;74;54;49m▄\e[38;2;113;111;105;49m▄\e[38;2;139;122;119;48;2;123;116;106m▄\e[38;2;226;183;86;48;2;233;184;82m▄\e[38;2;72;52;47;48;2;162;112;74m▄\e[38;2;51;44;43;48;2;228;176;87m▄\e[38;2;157;141;129;48;2;59;49;48m▄\e[38;2;153;129;122;48;2;150;122;120m▄\e[38;2;168;152;150;48;2;154;131;123m▄\e[49;38;2;158;138;133m▀\e[49;38;2;149;145;137m▀\e[49m                          \e[m
\e[49m                \e[38;2;131;127;120;48;2;90;62;59m▄\e[38;2;71;39;38;48;2;149;47;40m▄\e[38;2;100;44;45;48;2;95;41;40m▄\e[38;2;145;48;42;48;2;163;51;42m▄\e[38;2;82;42;42;48;2;172;52;42m▄\e[38;2;145;49;43;48;2;161;59;50m▄\e[38;2;55;38;39;48;2;58;51;55m▄\e[38;2;164;52;42;48;2;77;36;37m▄\e[38;2;101;35;33;48;2;104;76;71m▄\e[38;2;65;30;30;48;2;150;118;107m▄\e[38;2;66;30;31;48;2;124;86;80m▄\e[38;2;84;41;42;48;2;65;36;36m▄\e[38;2;142;109;97;48;2;74;55;55m▄\e[38;2;132;118;59;48;2;146;122;105m▄\e[38;2;165;148;60;48;2;130;94;84m▄\e[38;2;135;98;56;48;2;86;65;43m▄\e[38;2;146;93;57;48;2;91;65;44m▄\e[38;2;133;90;53;48;2;152;118;69m▄\e[38;2;64;46;46;48;2;85;58;55m▄\e[38;2;111;111;107;48;2;106;96;91m▄\e[49;38;2;87;72;66m▀\e[38;2;106;80;72;48;2;206;141;72m▄\e[38;2;200;129;69;48;2;204;139;71m▄\e[38;2;210;143;72;48;2;124;106;101m▄\e[49;38;2;172;158;158m▀\e[49m                             \e[m
\e[49m              \e[38;2;164;164;154;49m▄\e[38;2;88;66;65;49m▄\e[38;2;151;55;49;48;2;161;58;50m▄\e[38;2;81;42;43;48;2;72;40;37m▄\e[38;2;58;46;44;48;2;87;41;41m▄\e[38;2;60;31;32;48;2;101;50;51m▄\e[38;2;87;41;41;48;2;107;45;44m▄\e[38;2;101;44;45;48;2;73;43;45m▄\e[38;2;89;41;40;48;2;141;49;43m▄\e[38;2;148;44;40;48;2;173;57;48m▄\e[38;2;107;44;43;48;2;155;45;41m▄\e[38;2;135;119;60;48;2;102;43;43m▄\e[38;2;171;144;75;48;2;93;61;43m▄\e[38;2;114;75;46;48;2;161;136;70m▄\e[38;2;156;147;61;48;2;116;92;49m▄\e[38;2;92;59;46;48;2;153;130;65m▄\e[38;2;126;87;50;48;2;125;89;53m▄\e[38;2;120;86;54;48;2;125;87;54m▄\e[38;2;120;86;54;48;2;135;102;56m▄\e[38;2;129;125;119;48;2;120;86;54m▄\e[49;38;2;189;195;184m▀\e[49m   \e[49;38;2;159;163;154m▀\e[49m                               \e[m
\e[49m          \e[38;2;137;119;114;49m▄\e[38;2;168;54;44;48;2;137;45;41m▄\e[38;2;155;66;49;48;2;132;45;40m▄\e[38;2;156;47;42;48;2;146;50;43m▄\e[38;2;144;49;43;48;2;125;49;43m▄\e[38;2;150;49;43;48;2;148;46;42m▄\e[38;2;73;58;57;48;2;150;53;47m▄\e[38;2;133;52;50;48;2;129;53;50m▄\e[38;2;92;46;48;48;2;81;45;48m▄\e[38;2;70;41;42;48;2;69;36;36m▄\e[38;2;55;39;40;48;2;65;36;37m▄\e[38;2;76;49;46;48;2;65;31;30m▄\e[38;2;58;47;45;48;2;128;89;83m▄\e[38;2;118;87;77;48;2;91;41;42m▄\e[38;2;121;83;52;48;2;126;93;56m▄\e[38;2;153;134;62;48;2;115;75;55m▄\e[38;2;158;147;62;48;2;141;116;55m▄\e[38;2;76;55;43;48;2;158;145;63m▄\e[38;2;64;39;39;48;2;148;131;60m▄\e[38;2;70;48;45;48;2;69;41;40m▄\e[38;2;82;54;50;48;2;76;53;42m▄\e[38;2;72;51;44;48;2;75;43;40m▄\e[38;2;73;64;60;48;2;128;121;114m▄\e[38;2;108;97;88;49m▄\e[49m                                    \e[m
\e[49m          \e[38;2;141;41;39;48;2;167;49;43m▄\e[38;2;152;50;43;48;2;164;52;42m▄\e[48;2;164;52;42m \e[38;2;147;49;42;48;2;139;49;43m▄\e[38;2;81;45;45;48;2;151;49;43m▄\e[38;2;139;49;43;48;2;91;52;44m▄\e[38;2;136;55;51;48;2;132;53;50m▄\e[38;2;78;43;44;48;2;94;46;48m▄\e[38;2;69;37;37;48;2;72;43;46m▄\e[38;2;201;133;70;48;2;55;38;39m▄\e[38;2;84;68;66;48;2;179;115;69m▄\e[38;2;127;111;112;48;2;134;126;120m▄\e[38;2;90;71;71;48;2;133;127;120m▄\e[38;2;74;50;47;48;2;78;53;51m▄\e[38;2;65;42;41;48;2;114;82;71m▄\e[38;2;56;41;41;48;2;153;134;60m▄\e[38;2;81;53;44;48;2;60;39;39m▄\e[38;2;57;49;50;48;2;75;48;46m▄\e[38;2;72;39;39;48;2;71;39;39m▄\e[38;2;81;39;39;48;2;72;39;39m▄\e[38;2;90;43;44;48;2;59;47;44m▄\e[38;2;144;55;49;48;2;89;47;47m▄\e[38;2;162;52;43;48;2;139;55;50m▄\e[38;2;146;49;43;48;2;114;48;45m▄\e[38;2;65;46;46;48;2;173;179;168m▄\e[38;2;139;143;134;49m▄\e[49m                                  \e[m
\e[49m        \e[38;2;98;95;93;49m▄\e[38;2;56;56;64;48;2;55;54;60m▄\e[38;2;55;39;40;48;2;66;30;31m▄\e[38;2;146;41;39;48;2;76;40;41m▄\e[38;2;90;44;45;48;2;152;50;43m▄\e[38;2;91;46;48;48;2;151;48;41m▄\e[38;2;152;50;43;48;2;94;43;44m▄\e[38;2;137;41;39;48;2;100;47;45m▄\e[38;2;119;48;43;48;2;116;45;47m▄\e[38;2;62;39;39;48;2;78;43;44m▄\e[48;2;55;39;40m \e[38;2;55;39;40;48;2;201;131;70m▄\e[38;2;120;90;84;48;2;55;39;40m▄\e[38;2;59;43;43;48;2;146;101;77m▄\e[38;2;86;45;47;48;2;64;46;46m▄\e[38;2;87;49;51;48;2;76;51;50m▄\e[38;2;69;45;48;48;2;78;53;48m▄\e[38;2;58;48;46;48;2;59;48;45m▄\e[38;2;116;52;51;48;2;74;46;41m▄\e[38;2;158;62;54;48;2;77;45;41m▄\e[38;2;151;50;43;48;2;109;46;48m▄\e[38;2;75;32;31;48;2;56;39;39m▄\e[38;2;54;42;44;48;2;140;41;39m▄\e[38;2;144;41;39;48;2;162;51;42m▄\e[38;2;151;49;42;48;2;162;49;42m▄\e[38;2;165;54;45;48;2;101;43;42m▄\e[38;2;160;47;42;48;2;150;49;43m▄\e[38;2;103;43;42;48;2;102;43;43m▄\e[38;2;87;41;41;49m▄\e[49m                                 \e[m
\e[49m       \e[38;2;118;102;98;49m▄\e[38;2;107;107;102;48;2;105;106;105m▄\e[48;2;56;56;64m \e[38;2;46;36;37;48;2;54;43;47m▄\e[38;2;56;56;64;48;2;55;37;35m▄\e[38;2;63;31;31;48;2;121;44;45m▄\e[38;2;162;48;42;48;2;88;39;39m▄\e[38;2;146;41;39;48;2;178;60;49m▄\e[38;2;57;32;30;48;2;146;41;39m▄\e[38;2;55;39;40;48;2;55;39;39m▄\e[38;2;59;39;39;48;2;61;39;39m▄\e[48;2;55;39;40m \e[38;2;56;54;60;48;2;55;39;40m▄\e[48;2;55;39;40m \e[38;2;60;31;33;48;2;72;43;45m▄\e[38;2;87;41;41;48;2;72;39;39m▄\e[38;2;135;41;39;48;2;92;45;47m▄\e[38;2;146;41;39;48;2;93;47;48m▄\e[38;2;146;41;39;48;2;115;52;49m▄\e[38;2;146;41;39;48;2;98;47;49m▄\e[38;2;110;42;40;48;2;80;39;38m▄\e[38;2;57;34;36;48;2;123;42;39m▄\e[38;2;54;43;46;48;2;88;38;38m▄\e[38;2;56;56;64;48;2;54;43;46m▄\e[38;2;56;56;64;48;2;121;39;36m▄\e[38;2;146;41;39;48;2;119;43;40m▄\e[38;2;120;39;38;48;2;157;50;41m▄\e[38;2;60;34;35;48;2;109;41;40m▄\e[38;2;54;42;45;48;2;113;41;39m▄\e[38;2;56;53;58;48;2;55;42;42m▄\e[38;2;55;39;40;49m▄\e[38;2;87;41;41;48;2;141;146;135m▄\e[38;2;127;47;42;49m▄\e[49m                              \e[m
\e[49m       \e[38;2;159;51;42;48;2;160;56;47m▄\e[38;2;164;52;42;48;2;201;209;187m▄\e[38;2;102;49;49;48;2;48;47;51m▄\e[38;2;101;47;44;48;2;55;40;40m▄\e[38;2;55;39;40;48;2;56;56;64m▄\e[38;2;56;55;63;48;2;56;56;64m▄\e[38;2;55;49;53;48;2;60;30;31m▄\e[38;2;42;33;30;48;2;60;30;31m▄\e[38;2;55;39;39;48;2;55;39;40m▄\e[38;2;45;36;35;48;2;57;39;39m▄\e[38;2;56;56;64;48;2;56;39;39m▄\e[38;2;56;56;64;48;2;55;39;40m▄\e[38;2;56;56;64;48;2;55;54;61m▄\e[38;2;55;53;59;48;2;56;56;64m▄\e[38;2;52;43;47;48;2;56;52;57m▄\e[38;2;54;45;49;48;2;55;39;40m▄\e[38;2;52;43;46;48;2;45;36;36m▄\e[38;2;51;38;39;48;2;54;39;41m▄\e[38;2;46;44;48;48;2;55;39;40m▄\e[38;2;54;43;46;48;2;55;39;40m▄\e[38;2;49;41;44;48;2;55;39;40m▄\e[38;2;52;38;39;48;2;55;39;40m▄\e[38;2;46;36;37;48;2;54;46;50m▄\e[38;2;43;36;36;48;2;56;54;60m▄\e[38;2;47;44;48;48;2;56;56;64m▄\e[38;2;44;43;46;48;2;56;52;57m▄\e[38;2;56;34;35;48;2;55;39;40m▄\e[38;2;121;52;50;48;2;54;38;39m▄\e[38;2;116;46;47;48;2;46;37;38m▄\e[38;2;102;43;43;48;2;55;39;40m▄\e[38;2;102;47;43;48;2;53;44;47m▄\e[38;2;99;46;48;48;2;158;50;41m▄\e[38;2;101;50;51;48;2;86;42;43m▄\e[49m                              \e[m
\e[49m      \e[38;2;171;177;166;49m▄\e[38;2;64;34;34;48;2;159;51;42m▄\e[38;2;121;43;41;48;2;193;68;54m▄\e[38;2;101;50;51;48;2;97;45;47m▄\e[38;2;97;46;48;48;2;101;49;46m▄\e[38;2;90;46;48;48;2;86;39;40m▄\e[38;2;97;45;47;48;2;55;37;35m▄\e[38;2;98;46;48;48;2;72;38;36m▄\e[38;2;54;42;45;48;2;56;36;38m▄\e[38;2;54;45;49;48;2;55;39;40m▄\e[38;2;54;40;42;48;2;54;41;43m▄\e[38;2;54;41;43;48;2;56;56;64m▄\e[38;2;102;102;96;48;2;56;56;64m▄\e[49;38;2;48;37;37m▀\e[49;38;2;57;52;54m▀\e[49m      \e[49;38;2;69;66;63m▀\e[49;38;2;54;45;49m▀▀\e[38;2;168;173;162;48;2;54;43;46m▄\e[38;2;85;81;77;48;2;55;39;40m▄\e[38;2;45;38;40;48;2;49;37;38m▄\e[38;2;54;45;49;48;2;55;39;40m▄\e[38;2;58;47;45;48;2;136;49;43m▄\e[38;2;93;43;43;48;2;116;45;47m▄\e[38;2;102;50;51;48;2;91;41;41m▄\e[38;2;90;46;48;48;2;101;50;51m▄\e[38;2;77;65;62;48;2;100;48;49m▄\e[49;38;2;97;86;82m▀\e[49m                              \e[m
\e[49m      \e[38;2;173;75;66;48;2;44;35;35m▄\e[38;2;55;51;58;48;2;43;36;36m▄\e[38;2;41;33;30;48;2;85;38;37m▄\e[38;2;40;32;29;48;2;100;49;50m▄\e[38;2;42;33;30;48;2;91;46;48m▄\e[38;2;39;31;29;48;2;94;46;48m▄\e[38;2;37;29;28;48;2;87;45;46m▄\e[38;2;76;72;69;48;2;55;39;40m▄\e[38;2;100;96;92;48;2;55;39;40m▄\e[49;38;2;54;45;49m▀\e[49m               \e[38;2;130;131;124;49m▄\e[38;2;38;30;31;48;2;34;27;27m▄\e[38;2;56;56;64;48;2;35;28;27m▄\e[38;2;88;50;51;48;2;39;30;31m▄\e[38;2;48;37;37;48;2;41;33;30m▄\e[38;2;88;48;49;48;2;39;32;29m▄\e[38;2;93;54;55;48;2;55;39;40m▄\e[38;2;91;69;71;48;2;89;90;85m▄\e[49m                               \e[m
\e[49m      \e[38;2;117;45;47;48;2;150;58;52m▄\e[38;2;113;51;46;48;2;109;51;49m▄\e[38;2;136;55;51;48;2;84;45;46m▄\e[38;2;89;45;47;48;2;55;39;40m▄\e[38;2;96;52;54;48;2;55;39;40m▄\e[38;2;54;45;49;48;2;55;39;40m▄\e[38;2;107;105;100;48;2;45;38;39m▄\e[49;38;2;78;76;72m▀\e[49m                 \e[38;2;45;44;48;49m▄\e[38;2;157;162;152;48;2;45;34;31m▄\e[38;2;68;46;41;48;2;56;56;64m▄\e[38;2;166;67;57;48;2;136;55;51m▄\e[38;2;100;49;44;48;2;84;44;45m▄\e[38;2;101;50;51;48;2;95;53;55m▄\e[38;2;90;43;43;48;2;90;53;54m▄\e[38;2;76;45;44;48;2;78;60;57m▄\e[49m                               \e[m
\e[49m     \e[38;2;88;38;37;48;2;94;65;58m▄\e[38;2;59;48;45;48;2;99;46;48m▄\e[38;2;154;50;42;48;2;153;54;47m▄\e[38;2;70;38;39;48;2;150;54;48m▄\e[38;2;90;46;48;48;2;100;49;50m▄\e[38;2;54;46;45;48;2;65;36;37m▄\e[49m  \e[38;2;109;112;107;48;2;42;35;33m▄\e[49m                 \e[49;38;2;187;201;187m▀\e[49m \e[49;38;2;129;120;115m▀\e[38;2;69;41;42;48;2;141;48;42m▄\e[38;2;151;49;43;48;2;135;50;45m▄\e[48;2;99;46;48m \e[38;2;99;46;48;48;2;99;47;48m▄\e[38;2;76;45;45;48;2;75;44;43m▄\e[49m                               \e[m
\e[49m     \e[38;2;89;77;71;48;2;64;62;63m▄\e[38;2;106;75;47;48;2;136;49;43m▄\e[38;2;46;44;45;48;2;152;50;43m▄\e[38;2;80;57;42;48;2;75;40;40m▄\e[38;2;147;144;135;48;2;87;41;41m▄\e[49m                       \e[49;38;2;186;194;182m▀\e[38;2;55;43;38;48;2;54;54;61m▄\e[38;2;54;40;42;48;2;152;50;43m▄\e[38;2;55;39;40;48;2;78;39;39m▄\e[38;2;54;44;47;48;2;87;41;41m▄\e[38;2;113;85;80;48;2;54;39;40m▄\e[49m                               \e[m
\e[49m    \e[38;2;156;152;141;49m▄\e[38;2;138;128;62;48;2;112;90;61m▄\e[48;2;138;128;62m \e[38;2;120;107;56;48;2;113;92;58m▄\e[38;2;90;64;45;48;2;79;58;56m▄\e[38;2;117;88;84;48;2;204;204;187m▄\e[49m                       \e[38;2;68;53;50;48;2;187;193;183m▄\e[38;2;128;100;93;48;2;90;64;58m▄\e[38;2;72;53;52;48;2;98;73;70m▄\e[38;2;135;119;61;48;2;123;87;54m▄\e[38;2;138;128;62;48;2;120;93;54m▄\e[38;2;126;112;58;48;2;125;113;59m▄\e[38;2;91;71;67;48;2;104;83;59m▄\e[38;2;98;70;55;49m▄\e[38;2;184;179;171;49m▄\e[49m                            \e[m
\e[49m   \e[38;2;110;85;76;49m▄\e[38;2;137;125;61;48;2;125;105;65m▄\e[38;2;127;97;55;48;2;135;121;60m▄\e[38;2;88;74;71;48;2;132;117;59m▄\e[38;2;100;70;66;48;2;106;86;53m▄\e[38;2;116;77;54;48;2;120;93;54m▄\e[38;2;132;109;96;48;2;99;72;65m▄\e[49m                       \e[49;38;2;102;75;61m▀\e[38;2;94;71;53;48;2;147;133;116m▄\e[38;2;103;77;55;48;2;135;98;72m▄\e[38;2;118;88;79;48;2;147;129;116m▄\e[38;2;132;95;55;48;2;115;88;50m▄\e[38;2;137;125;64;48;2;124;105;56m▄\e[38;2;94;81;47;48;2;76;62;54m▄\e[38;2;101;85;48;48;2;85;63;44m▄\e[38;2;93;81;46;48;2;103;75;54m▄\e[38;2;69;49;44;48;2;88;70;49m▄\e[38;2;123;128;120;49m▄\e[49m                          \e[m
\e[49m  \e[38;2;168;174;164;49m▄\e[38;2;89;68;44;48;2;133;117;60m▄\e[38;2;93;81;47;48;2;122;89;54m▄\e[38;2;93;75;46;48;2;111;79;48m▄\e[38;2;116;83;54;48;2;122;100;70m▄\e[38;2;97;79;48;48;2;138;128;64m▄\e[38;2;115;93;57;48;2;136;121;64m▄\e[38;2;69;50;44;48;2;72;53;52m▄\e[49m                          \e[49;38;2;103;77;55m▀\e[49;38;2;89;67;55m▀\e[38;2;89;70;58;48;2;61;48;44m▄\e[38;2;93;69;56;48;2;127;91;61m▄\e[38;2;73;54;54;48;2;114;77;68m▄\e[38;2;92;86;80;48;2;65;51;47m▄\e[49;38;2;73;54;54m▀\e[49m                           \e[m
\e[49m  \e[49;38;2;94;90;84m▀\e[38;2;112;110;105;48;2;81;60;54m▄\e[38;2;73;54;54;48;2;104;79;59m▄\e[38;2;73;54;54;48;2;101;75;54m▄\e[38;2;73;62;59;48;2;102;73;62m▄\e[38;2;73;54;54;48;2;79;56;50m▄\e[38;2;68;52;51;48;2;97;71;52m▄\e[49;38;2;151;155;145m▀\e[49m                                                            \e[m
";