\e[49m                                                                                                         \e[m
\e[49m                                                                                                         \e[m
\e[49m                                                                                                         \e[m
\e[49m                                                                                                         \e[m
\e[49m                                \e[38;2;255;255;255;49m▄▄▄▄▄▄▄▄▄▄▄▄▄▄▄▄▄▄▄▄▄▄▄▄▄▄▄▄▄▄▄▄▄▄▄▄▄▄▄▄▄▄▄▄▄▄▄\e[49m                          \e[m
\e[49m                                \e[48;2;255;255;255m              \e[38;2;159;138;128;48;2;255;255;255m▄\e[48;2;255;255;255m   \e[38;2;159;139;129;48;2;254;254;253m▄\e[38;2;161;141;131;48;2;252;251;251m▄\e[38;2;159;138;128;48;2;255;255;255m▄\e[48;2;255;255;255m   \e[38;2;214;192;227;48;2;255;255;255m▄\e[48;2;255;255;255m                      \e[49m                          \e[m
\e[49m                                \e[48;2;255;255;255m             \e[38;2;159;138;128;48;2;223;219;214m▄\e[38;2;161;141;131;48;2;156;134;123m▄\e[38;2;161;141;131;48;2;248;247;246m▄\e[38;2;161;140;130;48;2;177;165;157m▄\e[38;2;161;139;130;48;2;178;153;168m▄\e[48;2;161;141;131m   \e[38;2;170;147;150;48;2;173;155;147m▄\e[38;2;161;141;131;48;2;249;247;247m▄\e[38;2;161;141;131;48;2;234;223;239m▄\e[38;2;161;141;131;48;2;161;140;130m▄\e[38;2;156;134;124;48;2;144;121;109m▄\e[38;2;156;134;124;48;2;255;255;255m▄▄\e[38;2;161;141;131;48;2;249;247;247m▄\e[48;2;255;255;255m                  \e[49m                          \e[m
\e[49m                                \e[48;2;255;255;255m         \e[38;2;170;151;143;48;2;255;255;255m▄\e[48;2;255;255;255m \e[38;2;162;142;133;48;2;237;233;230m▄\e[48;2;255;255;255m \e[48;2;161;141;131m \e[38;2;170;147;150;48;2;176;158;151m▄\e[38;2;176;151;163;48;2;161;141;131m▄\e[48;2;161;141;132m \e[38;2;161;141;131;48;2;161;140;130m▄\e[38;2;162;142;133;48;2;161;141;131m▄\e[38;2;160;139;129;48;2;165;144;141m▄\e[38;2;161;152;131;48;2;161;141;131m▄▄\e[38;2;160;151;130;48;2;166;144;142m▄\e[38;2;161;152;131;48;2;161;141;131m▄\e[38;2;161;152;131;48;2;180;155;172m▄\e[38;2;160;151;130;48;2;165;144;140m▄\e[38;2;161;152;131;48;2;161;140;130m▄\e[48;2;161;141;131m \e[38;2;161;141;131;48;2;235;231;228m▄\e[38;2;195;183;176;48;2;255;255;255m▄\e[48;2;255;255;255m                 \e[49m                          \e[m
\e[49m                                \e[48;2;255;255;255m         \e[48;2;174;156;148m \e[48;2;255;255;255m \e[48;2;161;141;131m  \e[38;2;162;141;133;48;2;161;141;131m▄\e[38;2;172;149;155;48;2;161;141;131m▄\e[38;2;160;140;129;48;2;182;156;176m▄\e[38;2;161;141;130;48;2;161;141;131m▄\e[38;2;161;152;131;48;2;161;148;131m▄\e[48;2;161;152;131m       \e[38;2;162;152;132;48;2;161;152;131m▄\e[38;2;113;105;88;48;2;161;152;131m▄\e[38;2;135;127;111;48;2;144;137;119m▄\e[38;2;161;152;131;48;2;161;147;131m▄\e[38;2;161;146;131;48;2;168;152;140m▄\e[38;2;161;141;131;48;2;191;177;169m▄\e[38;2;159;139;129;48;2;255;255;255m▄\e[48;2;255;255;255m               \e[49m                          \e[m
\e[49m                                \e[48;2;255;255;255m        \e[38;2;158;137;126;48;2;255;255;255m▄\e[38;2;161;141;131;48;2;163;143;134m▄\e[38;2;161;141;131;48;2;161;139;130m▄\e[38;2;161;141;131;48;2;161;140;131m▄\e[38;2;161;139;130;48;2;161;141;131m▄\e[38;2;161;141;131;48;2;183;157;179m▄\e[38;2;161;141;131;48;2;161;139;130m▄\e[38;2;161;152;131;48;2;161;149;131m▄\e[48;2;161;152;131m     \e[38;2;162;152;132;48;2;161;152;131m▄\e[38;2;145;137;118;48;2;161;152;131m▄\e[38;2;145;137;118;48;2;162;152;132m▄\e[38;2;103;92;81;48;2;149;139;122m▄\e[38;2;135;126;110;48;2;115;106;92m▄\e[38;2;135;126;110;48;2;135;127;111m▄\e[38;2;136;129;113;48;2;135;126;110m▄\e[48;2;161;152;131m  \e[38;2;161;152;131;48;2;161;148;131m▄\e[38;2;161;144;131;48;2;161;141;131m▄\e[38;2;158;138;127;48;2;161;141;131m▄\e[38;2;255;255;255;48;2;209;199;194m▄\e[48;2;255;255;255m      \e[38;2;176;169;160;48;2;255;255;255m▄\e[38;2;202;200;192;48;2;169;163;152m▄\e[38;2;127;119;102;48;2;170;164;153m▄\e[38;2;135;126;110;48;2;170;164;153m▄\e[38;2;204;202;194;48;2;149;143;128m▄\e[48;2;255;255;255m  \e[49m                          \e[m
\e[49m                                \e[48;2;255;255;255m        \e[38;2;158;137;126;48;2;158;137;128m▄\e[48;2;161;141;131m \e[38;2;174;150;159;48;2;161;141;131m▄\e[38;2;161;140;131;48;2;161;141;131m▄\e[48;2;161;141;131m \e[38;2;161;152;131;48;2;161;141;131m▄\e[48;2;161;152;131m      \e[38;2;144;136;118;48;2;146;138;119m▄\e[48;2;145;137;118m \e[38;2;146;138;119;48;2;145;137;118m▄\e[38;2;135;126;110;48;2;137;130;113m▄\e[38;2;135;126;110;48;2;135;127;110m▄\e[38;2;129;122;108;48;2;135;126;110m▄\e[38;2;165;156;134;48;2;135;126;110m▄\e[38;2;161;152;131;48;2;161;151;131m▄\e[48;2;161;152;131m    \e[38;2;161;152;131;48;2;159;150;129m▄\e[38;2;175;166;150;48;2;247;246;245m▄\e[38;2;255;255;255;48;2;161;140;129m▄\e[48;2;255;255;255m     \e[38;2;255;255;255;48;2;252;252;252m▄\e[48;2;255;255;255m  \e[38;2;255;255;255;48;2;251;251;251m▄▄▄\e[48;2;255;255;255m \e[49m                          \e[m
\e[49m                                \e[48;2;255;255;255m   \e[38;2;140;132;117;48;2;127;119;103m▄\e[38;2;135;126;110;48;2;255;255;255m▄▄▄\e[38;2;145;133;121;48;2;204;193;188m▄\e[38;2;162;141;133;48;2;161;141;131m▄\e[48;2;161;141;131m \e[38;2;159;139;126;48;2;168;146;144m▄\e[38;2;163;142;135;48;2;163;142;134m▄\e[48;2;161;152;131m         \e[38;2;161;152;131;48;2;162;153;132m▄\e[38;2;158;149;128;48;2;163;154;133m▄\e[38;2;161;152;131;48;2;163;154;133m▄▄\e[48;2;161;152;131m       \e[38;2;142;133;110;48;2;161;152;131m▄\e[48;2;161;152;131m  \e[38;2;161;152;131;48;2;153;143;120m▄\e[38;2;161;152;131;48;2;155;146;124m▄\e[38;2;161;152;131;48;2;255;255;255m▄\e[38;2;177;168;151;48;2;255;255;255m▄\e[38;2;131;124;106;48;2;255;255;255m▄\e[38;2;156;151;139;48;2;152;147;133m▄\e[48;2;255;255;255m      \e[49m                          \e[m
\e[49m                                \e[48;2;255;255;255m   \e[38;2;255;255;255;48;2;248;248;247m▄\e[38;2;255;255;255;48;2;135;126;110m▄\e[38;2;147;140;126;48;2;135;126;110m▄▄\e[38;2;210;204;193;48;2;146;140;122m▄\e[38;2;161;152;131;48;2;158;137;125m▄\e[38;2;161;140;130;48;2;163;142;136m▄\e[38;2;161;152;131;48;2;161;139;130m▄\e[48;2;161;152;131m       \e[38;2;159;149;129;48;2;161;152;131m▄\e[48;2;161;152;131m             \e[48;2;142;133;110m \e[48;2;161;152;131m       \e[38;2;173;166;149;48;2;255;255;255m▄\e[48;2;255;255;255m      \e[49m                          \e[m
\e[49m                                \e[48;2;255;255;255m       \e[38;2;162;152;132;48;2;210;204;193m▄\e[48;2;161;152;131m          \e[38;2;181;171;152;48;2;158;149;128m▄\e[38;2;147;141;121;48;2;134;125;110m▄\e[38;2;140;134;117;48;2;152;143;123m▄\e[48;2;161;152;131m          \e[38;2;154;144;122;48;2;153;143;122m▄\e[48;2;161;152;131m        \e[38;2;161;152;131;48;2;160;151;130m▄\e[38;2;196;193;183;48;2;255;255;255m▄\e[48;2;255;255;255m     \e[49m                          \e[m
\e[49m                                \e[48;2;255;255;255m      \e[38;2;250;250;250;48;2;255;255;255m▄\e[48;2;161;152;131m      \e[48;2;141;131;108m \e[38;2;143;133;110;48;2;161;152;131m▄\e[48;2;161;152;131m \e[38;2;151;143;125;48;2;161;152;131m▄\e[38;2;135;127;111;48;2;161;152;131m▄\e[38;2;137;129;113;48;2;255;255;255m▄\e[38;2;135;126;110;48;2;133;125;109m▄\e[38;2;151;142;123;48;2;135;126;110m▄\e[48;2;161;152;131m          \e[38;2;151;142;120;48;2;154;144;122m▄\e[48;2;161;152;131m        \e[38;2;156;148;127;48;2;161;152;131m▄\e[38;2;229;224;220;48;2;133;125;109m▄\e[48;2;255;255;255m     \e[49m                          \e[m
\e[49m                                \e[48;2;255;255;255m       \e[38;2;253;252;252;48;2;210;204;193m▄\e[38;2;157;148;126;48;2;161;152;131m▄\e[48;2;161;152;131m     \e[38;2;161;152;131;48;2;141;131;108m▄\e[38;2;161;152;131;48;2;162;153;132m▄\e[48;2;161;152;131m     \e[38;2;240;228;202;48;2;159;150;129m▄\e[38;2;239;227;201;48;2;222;210;181m▄\e[48;2;161;152;131m        \e[38;2;160;151;130;48;2;151;142;120m▄\e[48;2;161;152;131m        \e[38;2;134;126;110;48;2;156;148;127m▄\e[48;2;255;255;255m      \e[49m                          \e[m
\e[49m                                \e[48;2;255;255;255m        \e[48;2;157;148;126m \e[48;2;161;152;131m           \e[38;2;218;206;178;48;2;154;145;123m▄\e[48;2;239;227;201m \e[38;2;227;217;191;48;2;226;215;188m▄\e[48;2;161;152;131m              \e[38;2;163;154;133;48;2;161;152;131m▄\e[48;2;161;152;131m \e[38;2;135;126;110;48;2;165;156;134m▄\e[38;2;255;255;255;48;2;152;147;133m▄\e[48;2;255;255;255m      \e[49m                          \e[m
\e[49m                                \e[38;2;237;225;196;48;2;255;255;255m▄\e[48;2;255;255;255m      \e[38;2;210;204;193;48;2;244;243;241m▄\e[38;2;161;152;131;48;2;158;149;127m▄\e[38;2;144;135;112;48;2;161;152;131m▄\e[38;2;141;132;109;48;2;161;152;131m▄▄▄\e[38;2;162;152;132;48;2;161;152;131m▄\e[48;2;161;152;131m    \e[38;2;181;171;151;48;2;161;152;131m▄\e[38;2;239;227;201;48;2;163;154;133m▄\e[38;2;230;219;193;48;2;239;227;201m▄\e[38;2;227;217;191;48;2;239;227;201m▄\e[38;2;148;140;120;48;2;227;217;191m▄\e[48;2;161;152;131m      \e[38;2;148;140;122;48;2;161;152;131m▄\e[38;2;131;123;108;48;2;161;152;131m▄\e[38;2;133;125;109;48;2;160;150;130m▄\e[38;2;135;126;110;48;2;160;150;130m▄▄\e[48;2;135;126;110m  \e[38;2;135;126;110;48;2;160;150;130m▄\e[38;2;135;126;110;48;2;131;123;109m▄\e[48;2;135;126;110m \e[38;2;121;112;95;48;2;255;255;255m▄▄\e[48;2;255;255;255m \e[38;2;193;189;181;48;2;255;255;255m▄\e[48;2;255;255;255m \e[38;2;177;172;162;48;2;255;255;255m▄\e[38;2;119;111;93;48;2;255;255;255m▄\e[48;2;255;255;255m \e[49m                          \e[m
\e[49m                                \e[48;2;255;255;255m \e[38;2;255;255;255;48;2;241;236;225m▄\e[48;2;227;217;191m \e[38;2;227;217;191;48;2;241;238;225m▄▄▄▄\e[38;2;233;222;196;48;2;215;208;195m▄\e[38;2;158;149;128;48;2;160;151;130m▄\e[38;2;143;134;111;48;2;161;152;131m▄\e[38;2;140;131;108;48;2;162;152;132m▄\e[38;2;162;152;132;48;2;152;143;121m▄▄▄▄▄\e[48;2;161;152;131m \e[38;2;242;231;204;48;2;197;188;165m▄\e[48;2;239;227;201m \e[38;2;226;216;189;48;2;239;227;201m▄\e[38;2;164;155;133;48;2;227;217;191m▄\e[38;2;134;125;110;48;2;197;188;164m▄\e[38;2;134;125;110;48;2;161;152;131m▄▄▄\e[38;2;135;126;110;48;2;148;140;120m▄▄\e[48;2;135;126;110m   \e[38;2;134;126;110;48;2;135;126;110m▄\e[38;2;135;127;111;48;2;135;126;110m▄▄▄\e[38;2;101;90;80;48;2;135;126;110m▄\e[38;2;135;127;111;48;2;135;126;110m▄▄\e[38;2;129;121;104;48;2;135;126;110m▄\e[38;2;134;126;110;48;2;135;126;110m▄\e[38;2;130;122;105;48;2;135;126;110m▄\e[48;2;135;126;110m   \e[38;2;130;122;105;48;2;135;126;110m▄\e[38;2;203;200;193;48;2;167;162;150m▄\e[48;2;255;255;255m  \e[49m                          \e[m
\e[49m                                \e[48;2;255;255;255m  \e[38;2;255;255;255;48;2;239;234;219m▄\e[38;2;255;255;255;48;2;240;235;221m▄\e[38;2;255;255;255;48;2;227;217;191m▄\e[38;2;226;215;189;48;2;227;217;191m▄\e[38;2;230;219;193;48;2;227;217;191m▄\e[38;2;159;152;132;48;2;196;186;162m▄\e[38;2;159;152;132;48;2;161;152;131m▄▄\e[38;2;159;152;131;48;2;161;152;131m▄\e[38;2;160;152;131;48;2;161;152;131m▄\e[38;2;159;152;132;48;2;161;152;131m▄▄▄\e[48;2;161;152;131m  \e[38;2;161;152;131;48;2;203;193;168m▄\e[38;2;210;199;174;48;2;230;219;193m▄\e[38;2;255;255;255;48;2;227;217;191m▄\e[38;2;150;143;133;48;2;149;143;123m▄\e[38;2;104;92;82;48;2;135;126;110m▄▄▄\e[38;2;255;255;255;48;2;135;126;110m▄▄\e[48;2;135;126;110m   \e[38;2;183;179;168;48;2;159;153;140m▄\e[38;2;255;255;255;48;2;201;195;187m▄\e[38;2;255;255;255;48;2;182;173;166m▄▄\e[38;2;255;255;255;48;2;119;109;98m▄\e[38;2;255;255;255;48;2;104;92;82m▄▄▄\e[38;2;255;255;255;48;2;183;178;170m▄\e[38;2;255;255;255;48;2;196;189;179m▄\e[48;2;255;255;255m \e[48;2;135;126;110m \e[38;2;129;121;104;48;2;135;126;110m▄\e[38;2;255;255;255;48;2;168;162;150m▄\e[48;2;255;255;255m    \e[49m                          \e[m
\e[49m                                \e[48;2;255;255;255m      \e[38;2;255;255;255;48;2;190;151;113m▄\e[38;2;190;150;112;48;2;193;155;118m▄\e[38;2;101;90;80;48;2;103;91;81m▄\e[38;2;188;152;117;48;2;193;155;118m▄\e[48;2;193;155;118m  \e[38;2;212;167;126;48;2;193;155;118m▄\e[38;2;104;92;82;48;2;100;90;79m▄\e[38;2;93;82;72;48;2;103;91;81m▄\e[38;2;174;153;124;48;2;193;155;117m▄\e[38;2;174;165;148;48;2;169;160;140m▄\e[38;2;255;255;255;48;2;253;252;252m▄\e[48;2;255;255;255m   \e[38;2;255;255;255;48;2;248;247;246m▄\e[38;2;255;255;255;48;2;90;80;69m▄\e[38;2;86;74;63;48;2;104;92;82m▄\e[48;2;104;92;82m \e[38;2;92;81;70;48;2;255;255;255m▄\e[38;2;102;93;80;48;2;120;112;95m▄\e[48;2;135;126;110m  \e[48;2;183;179;168m \e[48;2;255;255;255m          \e[38;2;255;255;255;48;2;135;126;110m▄\e[48;2;255;255;255m      \e[49m                          \e[m
\e[49m                                \e[48;2;255;255;255m        \e[38;2;255;255;255;48;2;203;160;121m▄\e[38;2;201;165;131;48;2;104;92;82m▄\e[38;2;196;156;118;48;2;199;159;121m▄\e[48;2;193;155;118m \e[38;2;193;155;118;48;2;144;120;98m▄\e[38;2;197;156;118;48;2;206;163;124m▄\e[38;2;255;255;255;48;2;193;155;118m▄\e[48;2;255;255;255m         \e[38;2;255;255;255;48;2;96;86;76m▄\e[38;2;105;95;81;48;2;104;92;82m▄\e[38;2;164;158;145;48;2;255;255;255m▄\e[38;2;241;238;236;48;2;135;126;110m▄\e[48;2;135;126;110m  \e[48;2;255;255;255m \e[38;2;223;215;205;48;2;217;208;198m▄▄\e[38;2;223;215;205;48;2;221;212;203m▄\e[48;2;255;255;255m             \e[49m                          \e[m
\e[49m                                \e[48;2;255;255;255m                          \e[38;2;237;230;218;48;2;104;92;82m▄\e[38;2;223;215;205;48;2;218;208;198m▄\e[38;2;253;253;253;48;2;131;124;108m▄\e[38;2;145;138;123;48;2;135;126;110m▄\e[38;2;223;215;205;48;2;224;216;207m▄\e[48;2;223;215;205m   \e[38;2;223;215;205;48;2;218;208;198m▄\e[38;2;223;215;205;48;2;252;251;251m▄\e[38;2;243;241;239;48;2;255;255;255m▄\e[48;2;255;255;255m          \e[49m                          \e[m
\e[49m                                \e[48;2;255;255;255m                  \e[38;2;251;250;248;48;2;255;255;255m▄\e[48;2;255;255;255m \e[38;2;255;255;255;48;2;253;253;251m▄\e[38;2;255;255;255;48;2;221;212;203m▄\e[38;2;255;255;255;48;2;223;215;205m▄\e[38;2;255;255;255;48;2;219;209;200m▄\e[38;2;255;255;255;48;2;238;234;231m▄\e[38;2;254;254;254;48;2;255;255;255m▄\e[38;2;223;215;205;48;2;255;255;255m▄\e[38;2;223;215;205;48;2;233;229;226m▄\e[38;2;234;228;223;48;2;223;215;205m▄▄\e[38;2;255;255;255;48;2;222;214;204m▄\e[38;2;255;255;255;48;2;239;236;233m▄\e[38;2;255;255;255;48;2;222;214;204m▄\e[38;2;255;255;255;48;2;228;222;215m▄\e[38;2;255;255;255;48;2;223;215;205m▄\e[38;2;255;255;255;48;2;231;227;222m▄\e[48;2;255;255;255m           \e[49m                          \e[m
\e[49m                                \e[49;38;2;255;255;255m▀▀▀▀▀▀▀▀▀▀▀▀▀▀▀▀▀▀▀▀▀▀▀▀▀▀▀▀▀▀▀▀▀▀▀▀▀▀▀▀▀▀▀▀▀▀▀\e[49m                          \e[m
\e[49m                                                                                                         \e[m
\e[49m                                                                                                         \e[m
\e[49m                                                                                                         \e[m
\e[49m                                                                                                         \e[m
\e[49m                                                                                                         \e[m
";