\e[49m                                                                                                         \e[m
\e[49m                                                                                                         \e[m
\e[49m                                                                                                         \e[m
\e[49m                                                                                                         \e[m
\e[49m                                \e[38;2;255;255;255;49m▄▄▄▄▄▄▄▄▄▄▄▄▄▄▄▄\e[38;2;230;226;223;49m▄\e[38;2;255;255;255;49m▄▄▄▄\e[38;2;191;182;173;49m▄\e[38;2;255;255;255;49m▄▄▄▄▄▄▄▄▄▄▄▄▄▄▄▄▄▄▄▄▄▄▄▄▄\e[49m                          \e[m
\e[49m                                \e[48;2;255;255;255m              \e[38;2;157;136;126;48;2;252;251;251m▄\e[38;2;156;133;123;48;2;254;254;254m▄\e[48;2;161;141;131m \e[48;2;255;255;255m \e[38;2;231;227;224;48;2;255;255;255m▄\e[38;2;161;141;131;48;2;252;251;251m▄\e[38;2;171;153;145;48;2;185;176;170m▄\e[38;2;161;141;131;48;2;141;117;105m▄\e[38;2;159;138;128;48;2;255;255;255m▄\e[48;2;255;255;255m                        \e[49m                          \e[m
\e[49m                                \e[48;2;255;255;255m           \e[38;2;169;149;141;48;2;255;255;255m▄\e[38;2;159;138;126;48;2;150;126;116m▄\e[38;2;161;139;130;48;2;155;133;122m▄\e[48;2;161;141;131m  \e[38;2;161;140;130;48;2;162;142;133m▄\e[38;2;160;140;129;48;2;223;216;211m▄\e[38;2;161;141;131;48;2;161;141;132m▄\e[48;2;161;141;131m  \e[38;2;161;140;130;48;2;161;141;131m▄\e[38;2;161;139;130;48;2;249;248;247m▄\e[38;2;161;141;131;48;2;249;247;247m▄\e[38;2;161;140;130;48;2;243;241;237m▄\e[38;2;255;255;255;48;2;162;141;133m▄\e[48;2;255;255;255m                     \e[49m                          \e[m
\e[49m                                \e[48;2;255;255;255m         \e[38;2;170;151;143;48;2;255;255;255m▄\e[38;2;161;141;131;48;2;152;129;118m▄\e[38;2;159;139;128;48;2;176;157;152m▄\e[38;2;161;141;131;48;2;160;139;129m▄\e[38;2;161;139;130;48;2;160;139;129m▄\e[38;2;161;141;131;48;2;175;150;160m▄\e[38;2;172;149;155;48;2;160;139;129m▄\e[38;2;161;141;131;48;2;169;146;147m▄\e[48;2;161;141;131m   \e[38;2;160;150;130;48;2;164;142;137m▄\e[38;2;161;152;131;48;2;161;141;131m▄▄\e[38;2;159;151;129;48;2;167;145;143m▄\e[38;2;161;152;131;48;2;161;141;131m▄\e[38;2;161;152;131;48;2;160;140;128m▄\e[38;2;161;152;131;48;2;161;139;133m▄\e[38;2;158;149;127;48;2;164;143;137m▄\e[38;2;161;141;131;48;2;235;229;230m▄\e[38;2;157;135;125;48;2;254;254;254m▄\e[38;2;157;135;125;48;2;255;255;255m▄\e[38;2;198;186;181;48;2;255;255;255m▄\e[48;2;255;255;255m               \e[49m                          \e[m
\e[49m                                \e[48;2;255;255;255m         \e[38;2;174;156;148;48;2;161;141;131m▄\e[38;2;161;139;130;48;2;161;140;130m▄\e[38;2;161;140;132;48;2;161;140;131m▄\e[48;2;161;141;131m \e[38;2;161;139;130;48;2;162;142;132m▄\e[38;2;161;141;131;48;2;162;142;133m▄\e[38;2;161;152;131;48;2;161;139;130m▄\e[38;2;161;152;131;48;2;161;147;131m▄\e[48;2;161;152;131m    \e[38;2;162;152;132;48;2;161;152;131m▄▄\e[38;2;143;135;117;48;2;161;152;131m▄\e[38;2;145;137;118;48;2;161;152;131m▄\e[38;2;146;138;119;48;2;150;140;122m▄\e[38;2;134;126;110;48;2;150;140;122m▄\e[38;2;134;126;110;48;2;150;141;121m▄\e[38;2;161;152;131;48;2;161;148;131m▄\e[38;2;161;146;131;48;2;161;141;131m▄\e[38;2;161;141;131;48;2;159;138;128m▄\e[38;2;201;190;184;48;2;255;255;255m▄\e[48;2;255;255;255m \e[38;2;234;230;228;48;2;255;255;255m▄\e[48;2;255;255;255m             \e[49m                          \e[m
\e[49m                                \e[48;2;255;255;255m       \e[38;2;208;199;194;48;2;188;173;166m▄\e[38;2;161;141;131;48;2;159;138;128m▄\e[38;2;161;141;131;48;2;174;156;148m▄\e[48;2;161;141;131m   \e[38;2;161;152;131;48;2;161;141;131m▄\e[38;2;161;152;131;48;2;161;148;131m▄\e[48;2;161;152;131m     \e[38;2;145;137;118;48;2;151;142;121m▄\e[48;2;145;137;118m \e[38;2;146;138;119;48;2;145;137;118m▄\e[38;2;131;124;108;48;2;146;138;119m▄\e[48;2;135;126;110m  \e[38;2;133;124;110;48;2;135;126;110m▄\e[38;2;161;152;131;48;2;135;128;112m▄\e[48;2;161;152;131m  \e[38;2;161;152;131;48;2;161;148;131m▄\e[38;2;161;147;131;48;2;161;141;131m▄\e[38;2;158;138;127;48;2;161;141;131m▄\e[38;2;255;255;255;48;2;235;230;228m▄\e[48;2;255;255;255m      \e[38;2;225;223;220;48;2;255;255;255m▄\e[38;2;135;126;110;48;2;255;255;255m▄\e[38;2;200;196;189;48;2;255;255;255m▄\e[48;2;255;255;255m    \e[49m                          \e[m
\e[49m                                \e[48;2;255;255;255m     \e[38;2;242;241;240;48;2;255;255;255m▄\e[38;2;135;126;110;48;2;255;255;255m▄\e[38;2;147;140;123;48;2;213;205;200m▄\e[38;2;196;167;206;48;2;161;139;130m▄\e[38;2;163;141;136;48;2;163;143;134m▄\e[38;2;166;144;142;48;2;184;158;180m▄\e[38;2;160;150;130;48;2;161;141;131m▄\e[48;2;161;152;131m        \e[38;2;161;152;131;48;2;161;151;131m▄\e[38;2;161;152;131;48;2;162;152;132m▄\e[38;2;161;152;131;48;2;129;122;108m▄\e[38;2;161;152;131;48;2;144;136;117m▄\e[38;2;161;152;131;48;2;161;151;131m▄▄\e[48;2;161;152;131m     \e[38;2;162;152;132;48;2;160;150;130m▄\e[38;2;161;152;131;48;2;159;150;129m▄\e[38;2;235;232;227;48;2;169;152;143m▄\e[48;2;255;255;255m \e[38;2;252;252;251;48;2;255;255;255m▄\e[48;2;255;255;255m   \e[38;2;255;255;255;48;2;251;251;251m▄▄▄\e[38;2;210;207;201;48;2;136;128;111m▄\e[38;2;114;106;88;48;2;135;127;111m▄\e[48;2;255;255;255m   \e[49m                          \e[m
\e[49m                                \e[48;2;255;255;255m   \e[38;2;141;133;118;48;2;248;247;246m▄\e[38;2;141;133;118;48;2;135;126;110m▄▄▄\e[38;2;154;146;128;48;2;152;144;124m▄\e[38;2;160;151;130;48;2;161;153;131m▄\e[38;2;161;141;131;48;2;161;140;130m▄\e[38;2;161;152;131;48;2;161;139;130m▄\e[48;2;161;152;131m       \e[38;2;160;150;130;48;2;161;152;131m▄▄\e[38;2;160;151;130;48;2;161;152;131m▄\e[48;2;161;152;131m             \e[38;2;161;152;131;48;2;153;143;120m▄\e[38;2;161;152;131;48;2;247;246;244m▄\e[38;2;160;151;130;48;2;255;255;255m▄\e[38;2;250;249;249;48;2;255;255;255m▄▄▄\e[38;2;152;147;133;48;2;144;137;126m▄\e[48;2;255;255;255m \e[38;2;255;255;255;48;2;212;208;202m▄\e[48;2;255;255;255m    \e[49m                          \e[m
\e[49m                                \e[48;2;255;255;255m       \e[38;2;161;152;131;48;2;163;154;133m▄\e[48;2;161;152;131m         \e[38;2;160;151;130;48;2;161;152;131m▄\e[38;2;194;185;173;48;2;155;146;124m▄\e[38;2;133;126;110;48;2;135;126;110m▄\e[38;2;150;141;122;48;2;153;144;123m▄\e[48;2;161;152;131m           \e[38;2;145;135;112;48;2;141;132;109m▄\e[38;2;160;151;130;48;2;161;152;131m▄\e[48;2;161;152;131m    \e[38;2;161;152;131;48;2;161;151;131m▄\e[38;2;161;152;131;48;2;163;154;132m▄\e[38;2;240;238;236;48;2;237;235;232m▄\e[48;2;255;255;255m      \e[49m                          \e[m
\e[49m                                \e[48;2;255;255;255m      \e[38;2;255;255;255;48;2;155;145;123m▄\e[38;2;170;161;142;48;2;161;152;131m▄\e[48;2;161;152;131m      \e[38;2;143;134;111;48;2;161;152;131m▄\e[38;2;148;139;118;48;2;161;152;131m▄\e[38;2;160;150;130;48;2;161;152;131m▄\e[38;2;138;131;115;48;2;160;151;130m▄\e[38;2;136;129;112;48;2;255;255;255m▄\e[38;2;135;126;110;48;2;133;126;110m▄\e[38;2;158;148;128;48;2;135;126;110m▄\e[48;2;161;152;131m           \e[38;2;150;141;119;48;2;161;152;131m▄\e[38;2;159;150;128;48;2;157;148;127m▄\e[48;2;161;152;131m      \e[38;2;161;152;131;48;2;168;159;137m▄\e[48;2;255;255;255m      \e[49m                          \e[m
\e[49m                                \e[48;2;255;255;255m       \e[38;2;210;205;195;48;2;210;204;193m▄\e[48;2;161;152;131m        \e[38;2;161;152;131;48;2;143;134;111m▄\e[38;2;161;152;131;48;2;163;153;132m▄\e[48;2;161;152;131m   \e[38;2;236;225;198;48;2;156;147;126m▄\e[38;2;158;149;128;48;2;155;146;124m▄\e[48;2;161;152;131m         \e[48;2;142;133;110m \e[48;2;161;152;131m        \e[38;2;171;162;144;48;2;159;150;128m▄\e[48;2;255;255;255m     \e[49m                          \e[m
\e[49m                                \e[48;2;255;255;255m       \e[38;2;210;204;193;48;2;212;206;199m▄\e[38;2;161;152;131;48;2;160;151;130m▄\e[48;2;161;152;131m           \e[38;2;238;226;200;48;2;214;204;174m▄\e[38;2;226;216;190;48;2;239;227;201m▄\e[38;2;158;149;128;48;2;155;146;124m▄\e[48;2;161;152;131m        \e[48;2;154;144;122m \e[48;2;161;152;131m        \e[38;2;156;148;127;48;2;161;152;131m▄\e[48;2;255;255;255m      \e[49m                          \e[m
\e[49m                                \e[38;2;228;217;190;48;2;255;255;255m▄\e[38;2;223;212;184;48;2;255;255;255m▄\e[48;2;255;255;255m     \e[48;2;210;204;193m \e[48;2;161;152;131m  \e[38;2;141;131;108;48;2;161;152;131m▄▄▄\e[38;2;162;152;132;48;2;161;152;131m▄\e[48;2;161;152;131m   \e[38;2;160;151;130;48;2;161;152;131m▄\e[38;2;248;238;210;48;2;158;149;128m▄\e[48;2;239;227;201m \e[38;2;230;219;193;48;2;239;227;201m▄\e[38;2;231;221;194;48;2;226;216;189m▄\e[38;2;161;152;131;48;2;155;146;124m▄\e[48;2;161;152;131m        \e[38;2;161;152;131;48;2;149;140;119m▄\e[48;2;161;152;131m    \e[38;2;140;131;108;48;2;161;151;131m▄\e[38;2;161;152;131;48;2;162;153;132m▄\e[48;2;161;152;131m  \e[38;2;152;147;133;48;2;155;146;127m▄\e[48;2;255;255;255m      \e[49m                          \e[m
\e[49m                                \e[48;2;255;255;255m \e[38;2;255;255;255;48;2;229;218;192m▄\e[38;2;224;213;186;48;2;227;217;191m▄\e[48;2;227;217;191m  \e[38;2;227;217;191;48;2;228;219;195m▄\e[38;2;227;217;191;48;2;253;253;253m▄\e[38;2;183;173;150;48;2;208;202;194m▄\e[38;2;143;134;111;48;2;160;150;130m▄\e[38;2;162;153;132;48;2;160;150;130m▄▄\e[38;2;161;152;131;48;2;146;137;114m▄\e[38;2;161;152;131;48;2;144;134;111m▄\e[38;2;162;153;132;48;2;162;152;132m▄\e[48;2;161;152;131m  \e[38;2;179;170;149;48;2;162;152;132m▄\e[38;2;239;227;201;48;2;242;231;204m▄\e[48;2;239;227;201m \e[38;2;226;215;189;48;2;239;227;201m▄\e[38;2;183;173;151;48;2;226;215;188m▄\e[38;2;161;152;131;48;2;160;151;130m▄\e[48;2;161;152;131m       \e[38;2;148;140;122;48;2;161;152;131m▄\e[38;2;131;123;108;48;2;161;152;131m▄\e[38;2;133;125;109;48;2;160;150;130m▄\e[38;2;135;126;110;48;2;160;150;130m▄▄▄\e[38;2;133;126;110;48;2;142;132;109m▄\e[38;2;135;126;110;48;2;144;134;111m▄\e[48;2;135;126;110m \e[38;2;133;126;109;48;2;135;126;110m▄\e[38;2;161;152;131;48;2;162;152;132m▄\e[48;2;255;255;255m    \e[38;2;194;187;174;48;2;255;255;255m▄\e[48;2;255;255;255m  \e[49m                          \e[m
\e[49m                                \e[48;2;255;255;255m   \e[38;2;255;255;255;48;2;239;234;218m▄\e[38;2;255;255;255;48;2;227;217;191m▄\e[38;2;248;244;240;48;2;227;217;191m▄\e[38;2;193;155;118;48;2;196;187;163m▄\e[38;2;193;155;118;48;2;160;150;130m▄\e[38;2;193;155;118;48;2;161;152;131m▄▄▄▄\e[38;2;197;155;116;48;2;161;152;131m▄\e[38;2;159;152;132;48;2;161;152;131m▄▄\e[48;2;161;152;131m \e[38;2;156;147;125;48;2;169;160;140m▄\e[38;2;237;226;199;48;2;234;224;197m▄\e[38;2;206;196;172;48;2;230;219;193m▄\e[38;2;135;126;110;48;2;184;174;152m▄\e[38;2;135;126;110;48;2;143;137;119m▄\e[38;2;135;126;110;48;2;148;140;120m▄▄▄▄▄▄\e[38;2;135;126;110;48;2;147;139;119m▄\e[48;2;135;126;110m    \e[38;2;135;128;111;48;2;135;126;110m▄\e[38;2;104;92;82;48;2;135;126;110m▄\e[38;2;90;79;68;48;2;119;111;94m▄\e[38;2;255;255;255;48;2;190;187;178m▄\e[48;2;135;126;110m  \e[38;2;135;126;110;48;2;133;127;110m▄\e[38;2;255;255;255;48;2;190;185;177m▄\e[48;2;255;255;255m       \e[49m                          \e[m
\e[49m                                \e[48;2;255;255;255m     \e[38;2;255;255;255;48;2;252;249;248m▄\e[38;2;255;255;255;48;2;192;153;115m▄\e[38;2;144;121;104;48;2;170;138;109m▄\e[38;2;104;92;82;48;2;146;121;99m▄\e[38;2;181;146;114;48;2;193;155;118m▄\e[48;2;193;155;118m \e[38;2;110;102;87;48;2;193;155;118m▄\e[38;2;104;92;82;48;2;204;158;118m▄\e[38;2;100;89;79;48;2;146;121;99m▄\e[38;2;195;155;117;48;2;193;155;118m▄\e[38;2;255;255;255;48;2;144;137;120m▄\e[38;2;255;255;255;48;2;135;126;110m▄▄▄▄▄▄▄\e[38;2;97;86;76;48;2;135;126;110m▄\e[38;2;104;92;82;48;2;135;126;110m▄▄▄\e[38;2;255;255;255;48;2;192;184;175m▄\e[38;2;127;119;103;48;2;135;126;110m▄\e[48;2;135;126;110m  \e[38;2;135;128;111;48;2;135;126;110m▄\e[38;2;100;89;78;48;2;102;90;80m▄\e[38;2;255;255;255;48;2;182;173;166m▄\e[48;2;255;255;255m  \e[38;2;173;163;146;48;2;135;126;110m▄\e[38;2;223;215;205;48;2;179;170;162m▄\e[38;2;223;216;207;48;2;135;126;110m▄\e[48;2;255;255;255m \e[38;2;223;215;205;48;2;255;255;255m▄\e[38;2;223;215;205;48;2;222;214;204m▄\e[48;2;223;215;205m  \e[48;2;240;237;233m \e[48;2;255;255;255m  \e[49m                          \e[m
\e[49m                                \e[48;2;255;255;255m       \e[38;2;255;255;255;48;2;252;252;252m▄\e[38;2;255;255;255;48;2;186;148;111m▄\e[38;2;193;154;118;48;2;192;154;117m▄\e[38;2;187;144;104;48;2;193;155;118m▄\e[38;2;187;144;104;48;2;187;152;118m▄\e[38;2;187;144;104;48;2;190;151;114m▄\e[38;2;255;255;255;48;2;193;155;118m▄\e[38;2;255;255;255;48;2;252;251;250m▄\e[48;2;255;255;255m         \e[38;2;255;255;255;48;2;91;81;70m▄\e[38;2;86;74;63;48;2;104;92;82m▄\e[48;2;104;92;82m \e[38;2;104;92;82;48;2;123;114;104m▄\e[48;2;255;255;255m \e[38;2;197;192;184;48;2;199;195;188m▄\e[48;2;135;126;110m \e[38;2;135;126;110;48;2;140;132;114m▄\e[38;2;255;255;255;48;2;248;247;246m▄\e[48;2;255;255;255m \e[38;2;223;215;205;48;2;255;255;255m▄\e[38;2;223;215;205;48;2;218;210;200m▄\e[48;2;223;215;205m \e[38;2;189;180;170;48;2;223;215;205m▄\e[38;2;193;183;171;48;2;223;215;205m▄\e[48;2;223;215;205m \e[38;2;218;211;203;48;2;223;215;205m▄\e[38;2;193;183;171;48;2;223;215;205m▄\e[38;2;209;200;190;48;2;223;215;205m▄\e[48;2;223;215;205m \e[38;2;223;216;207;48;2;240;237;233m▄\e[38;2;224;218;209;48;2;255;255;255m▄\e[38;2;240;237;233;48;2;255;255;255m▄\e[49m                          \e[m
\e[49m                                \e[48;2;255;255;255m                          \e[38;2;255;255;255;48;2;83;71;60m▄\e[38;2;136;128;112;48;2;104;92;82m▄\e[38;2;224;216;207;48;2;221;213;204m▄\e[38;2;222;214;204;48;2;223;215;205m▄\e[38;2;134;126;111;48;2;131;124;108m▄\e[48;2;135;126;110m \e[38;2;251;250;250;48;2;255;255;255m▄\e[38;2;204;196;187;48;2;203;195;186m▄\e[38;2;193;183;171;48;2;188;178;165m▄\e[38;2;193;183;171;48;2;187;178;159m▄\e[38;2;193;183;171;48;2;222;214;204m▄\e[38;2;193;183;171;48;2;192;182;170m▄\e[48;2;193;183;171m \e[38;2;193;183;171;48;2;188;178;168m▄\e[48;2;193;183;171m  \e[38;2;209;200;190;48;2;190;180;169m▄\e[38;2;223;215;206;48;2;188;178;168m▄\e[38;2;240;237;234;48;2;191;181;169m▄\e[38;2;255;255;255;48;2;192;182;170m▄\e[38;2;255;255;255;48;2;240;237;233m▄\e[49m                          \e[m
\e[49m                                \e[48;2;255;255;255m                          \e[38;2;224;215;206;48;2;210;200;193m▄\e[38;2;253;253;253;48;2;218;210;201m▄\e[38;2;255;255;255;48;2;221;213;204m▄\e[38;2;253;253;253;48;2;255;255;255m▄\e[38;2;253;252;251;48;2;255;255;255m▄\e[38;2;193;185;174;48;2;135;126;110m▄\e[38;2;193;184;173;48;2;199;192;180m▄\e[48;2;193;183;171m \e[38;2;193;184;173;48;2;193;183;171m▄\e[38;2;192;183;172;48;2;193;183;171m▄\e[38;2;193;184;173;48;2;193;183;171m▄▄\e[38;2;255;255;255;48;2;193;183;171m▄▄\e[48;2;255;255;255m       \e[49m                          \e[m
\e[49m                                \e[48;2;255;255;255m                           \e[38;2;213;205;200;48;2;255;255;255m▄\e[38;2;216;210;201;48;2;188;178;168m▄\e[38;2;255;255;255;48;2;189;179;168m▄\e[38;2;255;255;255;48;2;191;182;168m▄\e[48;2;255;255;255m                \e[49m                          \e[m
\e[49m                                \e[49;38;2;255;255;255m▀▀▀▀▀▀▀▀▀▀▀▀▀▀▀▀▀▀▀▀▀▀▀▀▀▀▀▀▀▀▀▀▀▀▀▀▀▀▀▀▀▀▀▀▀▀▀\e[49m                          \e[m
\e[49m                                                                                                         \e[m
\e[49m                                                                                                         \e[m
\e[49m                                                                                                         \e[m
\e[49m                                                                                                         \e[m
\e[49m                                                                                                         \e[m
";